入库批次,原材料编号,箱子类型,堆垛机编号,货架号,层(z),列(x),深浅位,到达时刻(s),开始时刻(s),完成时刻(s),流动时间(s),是否复合
IN0541,B6T0000001606,E1,1,2,2,1,深位,4500.0,4500.0,4506.621538461539,6.621538461538876,否
IN0541,B6T0000001606,E1,1,2,1,4,深位,4500.0,4507.243076923077,4514.036923076923,14.036923076922903,否
IN0541,B6T0000001606,E1,1,2,7,2,深位,4500.0,4514.830769230769,4523.150769230769,23.150769230768674,否
IN0192,B6T0000000557,E3,1,2,11,6,深位,9960.0,9960.0,9970.96,10.959999999999127,否
IN0192,B6T0000000557,E3,1,2,12,7,浅位,9960.0,9975.92,9987.655384615384,27.65538461538381,否
IN0192,B6T0000000557,E3,1,2,12,7,深位,9960.0,9993.39076923077,10005.126153846153,45.1261538461531,否
IN0089,B6T0000000247,E4,1,1,43,7,深位,12540.0,12540.0,12570.889230769231,30.88923076923129,否
IN0089,B6T0000000247,E4,1,2,44,14,深位,12540.0,12595.77846153846,12628.556923076922,88.55692307692152,否
IN0089,B6T0000000247,E4,1,1,44,18,深位,12540.0,12655.335384615384,12688.753846153846,148.7538461538461,否
IN0089,B6T0000000247,E4,1,2,48,2,深位,12540.0,12716.172307692308,12750.107692307693,210.10769230769256,否
IN0089,B6T0000000247,E4,1,1,45,25,深位,12540.0,12778.043076923077,12813.350769230768,273.3507692307685,否
IN0089,B6T0000000247,E4,1,1,50,10,深位,12540.0,12842.658461538462,12879.412307692308,339.4123076923079,否
IN0089,B6T0000000247,E4,1,1,49,16,深位,12540.0,12910.166153846154,12947.110769230769,407.1107692307687,否
IN0089,B6T0000000247,E4,1,1,47,28,深位,12540.0,12978.055384615385,13015.38153846154,475.3815384615391,否
IN0089,B6T0000000247,E4,1,1,43,49,浅位,12540.0,13046.707692307693,13084.316923076924,544.3169230769236,否
IN0089,B6T0000000247,E4,1,1,43,49,深位,12540.0,13115.926153846154,13153.535384615385,613.5353846153848,否
IN0089,B6T0000000247,E4,1,2,43,49,浅位,12540.0,13185.144615384615,13222.753846153846,682.7538461538461,否
IN0089,B6T0000000247,E4,1,2,43,49,深位,12540.0,13254.363076923077,13291.972307692307,751.9723076923074,否
IN0089,B6T0000000247,E4,1,1,43,50,浅位,12540.0,13323.581538461538,13361.350769230768,821.3507692307685,否
IN0089,B6T0000000247,E4,1,1,43,50,深位,12540.0,13393.119999999999,13430.88923076923,890.8892307692295,否
IN0089,B6T0000000247,E4,1,2,43,50,浅位,12540.0,13462.65846153846,13500.42769230769,960.4276923076904,否
IN0089,B6T0000000247,E4,1,2,43,50,深位,12540.0,13532.196923076921,13569.966153846151,1029.9661538461514,否
IN0089,B6T0000000247,E4,1,1,43,51,浅位,12540.0,13601.735384615382,13639.664615384612,1099.6646153846123,否
IN0089,B6T0000000247,E4,1,1,43,51,深位,12540.0,13671.593846153843,13709.523076923073,1169.523076923073,否
IN0383,B6T0000001166,E3,1,1,10,23,深位,13680.0,13741.452307692303,13754.516923076919,74.51692307691883,否
IN0383,B6T0000001166,E3,1,2,15,5,深位,13680.0,13761.581538461534,13774.843076923073,94.84307692307266,否
IN0383,B6T0000001166,E3,1,2,13,19,深位,13680.0,13782.104615384611,13796.37538461538,116.37538461537952,否
IN0383,B6T0000001166,E3,1,1,13,20,深位,13680.0,13804.64615384615,13819.076923076918,139.07692307691832,否
IN0383,B6T0000001166,E3,1,1,15,23,深位,13680.0,13827.507692307689,13843.649230769228,163.64923076922787,否
IN0383,B6T0000001166,E3,1,1,13,35,深位,13680.0,13853.790769230765,13870.621538461535,190.62153846153524,否
IN0383,B6T0000001166,E3,1,2,17,21,深位,13680.0,13881.452307692303,13898.50461538461,218.5046153846106,是
IN0383,B6T0000001166,E3,1,1,9,33,浅位,13680.0,13919.396923076918,13933.44615384615,253.44615384614917,是
IN0383,B6T0000001166,E3,1,1,9,33,深位,13680.0,13947.49538461538,13961.544615384611,281.54461538461146,是
IN0383,B6T0000001166,E3,1,2,9,33,浅位,13680.0,13975.593846153843,13989.643076923074,309.64307692307375,是
IN0089,B6T0000000247,E4,1,2,43,51,浅位,12540.0,14003.692307692305,14041.621538461535,1501.6215384615352,否
IN0089,B6T0000000247,E4,1,2,43,51,深位,12540.0,14073.550769230766,14111.479999999996,1571.479999999996,否
IN0089,B6T0000000247,E4,1,1,44,47,浅位,12540.0,14143.409230769226,14181.467692307688,1641.4676923076877,否
IN0089,B6T0000000247,E4,1,1,44,47,深位,12540.0,14213.52615384615,14251.58461538461,1711.5846153846105,否
IN0089,B6T0000000247,E4,1,2,44,47,浅位,12540.0,14283.643076923072,14321.701538461533,1781.7015384615333,否
IN0089,B6T0000000247,E4,1,2,44,47,深位,12540.0,14353.759999999995,14391.818461538456,1851.8184615384562,否
IN0089,B6T0000000247,E4,1,1,43,52,浅位,12540.0,14423.876923076918,14461.966153846148,1921.9661538461478,否
IN0089,B6T0000000247,E4,1,1,43,52,深位,12540.0,14494.05538461538,14532.14461538461,1992.14461538461,否
IN0089,B6T0000000247,E4,1,2,43,52,浅位,12540.0,14564.233846153842,14602.323076923072,2062.323076923072,否
IN0089,B6T0000000247,E4,1,2,43,52,深位,12540.0,14634.412307692304,14672.501538461534,2132.5015384615344,否
IN0089,B6T0000000247,E4,1,1,44,48,浅位,12540.0,14704.590769230766,14742.809230769228,2202.8092307692277,否
IN0089,B6T0000000247,E4,1,1,44,48,深位,12540.0,14775.027692307689,14813.24615384615,2273.2461538461503,否
IN0089,B6T0000000247,E4,1,2,44,48,浅位,12540.0,14845.464615384612,14883.683076923073,2343.683076923073,否
IN0089,B6T0000000247,E4,1,2,44,48,深位,12540.0,14915.901538461534,14954.119999999995,2414.1199999999953,否
IN0089,B6T0000000247,E4,1,1,43,53,浅位,12540.0,14986.338461538457,15024.587692307687,2484.5876923076867,否
IN0089,B6T0000000247,E4,1,1,43,53,深位,12540.0,15056.836923076919,15095.086153846149,2555.0861538461486,否
IN0089,B6T0000000247,E4,1,2,43,53,浅位,12540.0,15127.33538461538,15165.58461538461,2625.5846153846105,否
IN0089,B6T0000000247,E4,1,2,43,53,深位,12540.0,15197.833846153842,15236.083076923072,2696.0830769230724,是
IN0089,B6T0000000247,E4,1,1,44,49,浅位,12540.0,15274.332307692304,15312.710769230765,2772.7107692307654,是
IN0089,B6T0000000247,E4,1,1,44,49,深位,12540.0,15351.089230769227,15389.467692307688,2849.4676923076877,是
IN0089,B6T0000000247,E4,1,2,44,49,浅位,12540.0,15427.846153846149,15466.22461538461,2926.22461538461,否
IN0089,B6T0000000247,E4,1,2,44,49,深位,12540.0,15498.603076923071,15536.981538461532,2996.981538461532,否
IN0089,B6T0000000247,E4,1,1,43,54,浅位,12540.0,15569.359999999993,15607.769230769223,3067.769230769223,否
IN0070,B6T0000000198,E4,1,1,43,6,浅位,29340.0,29340.0,29370.72923076923,30.729230769229616,否
IN0070,B6T0000000198,E4,1,1,43,6,深位,29340.0,29395.458461538463,29426.187692307692,86.18769230769249,否
IN0070,B6T0000000198,E4,1,1,43,10,浅位,29340.0,29450.916923076926,29482.286153846155,142.28615384615478,否
IN0070,B6T0000000198,E4,1,1,43,10,深位,29340.0,29507.655384615387,29539.024615384616,199.02461538461648,否
IN0070,B6T0000000198,E4,1,2,43,10,浅位,29340.0,29564.39384615385,29595.76307692308,255.7630769230782,否
IN0070,B6T0000000198,E4,1,2,43,10,深位,29340.0,29621.13230769231,29652.50153846154,312.5015384615399,否
IN0070,B6T0000000198,E4,1,1,45,3,浅位,29340.0,29677.870769230773,29709.658461538464,369.6584615384636,否
IN0070,B6T0000000198,E4,1,1,45,3,深位,29340.0,29735.44615384616,29767.23384615385,427.2338461538493,否
IN0070,B6T0000000198,E4,1,2,45,3,浅位,29340.0,29793.021538461544,29824.809230769235,484.809230769235,否
IN0070,B6T0000000198,E4,1,2,45,3,深位,29340.0,29850.59692307693,29882.38461538462,542.3846153846207,否
IN0070,B6T0000000198,E4,1,1,46,2,浅位,29340.0,29908.172307692315,29940.569230769237,600.569230769237,否
IN0070,B6T0000000198,E4,1,1,46,2,深位,29340.0,29966.966153846162,29999.363076923084,659.363076923084,否
IN0070,B6T0000000198,E4,1,2,46,2,浅位,29340.0,30025.76000000001,30058.15692307693,718.156923076931,否
IN0070,B6T0000000198,E4,1,2,46,2,深位,29340.0,30084.553846153856,30116.950769230778,776.950769230778,否
IN0070,B6T0000000198,E4,1,1,43,54,深位,29340.0,30143.347692307703,30181.756923076933,841.7569230769332,否
IN0070,B6T0000000198,E4,1,2,43,54,浅位,29340.0,30214.166153846163,30252.575384615393,912.575384615393,否
IN0070,B6T0000000198,E4,1,2,43,54,深位,29340.0,30284.984615384623,30323.393846153853,983.3938461538528,否
IN0070,B6T0000000198,E4,1,1,44,50,浅位,29340.0,30355.803076923083,30394.341538461544,1054.3415384615437,否
IN0070,B6T0000000198,E4,1,1,44,50,深位,29340.0,30426.880000000005,30465.418461538466,1125.4184615384656,否
IN0243,B6T0000000714,E3,1,1,13,8,浅位,30780.0,30780.0,30792.51076923077,12.510769230768346,否
IN0243,B6T0000000714,E3,1,1,13,8,深位,30780.0,30799.021538461537,30811.532307692305,31.53230769230504,否
IN0260,B6T0000000765,E3,1,2,13,8,浅位,32820.0,32820.0,32832.51076923077,12.510769230771984,否
IN0260,B6T0000000765,E3,1,2,13,8,深位,32820.0,32839.02153846154,32851.53230769231,31.532307692308677,否
IN0260,B6T0000000765,E3,1,1,16,3,浅位,32820.0,32858.04307692307,32871.6,51.599999999998545,否
IN0260,B6T0000000765,E3,1,2,9,33,深位,32820.0,32879.15692307692,32893.20615384615,73.20615384614939,否
IN0260,B6T0000000765,E3,1,1,9,45,浅位,32820.0,32901.255384615375,32917.224615384606,97.2246153846063,否
IN0260,B6T0000000765,E3,1,1,9,45,深位,32820.0,32927.19384615384,32943.16307692307,123.16307692306873,否
IN0627,B6T0000001866,E1,1,2,4,8,深位,33300.0,33300.0,33308.35692307692,8.356923076920793,否
IN0627,B6T0000001866,E1,1,1,7,3,深位,33300.0,33310.71384615385,33319.19384615385,19.193846153852064,否
IN0514,B6T0000001539,E1,1,2,4,10,深位,33300.0,33321.67384615385,33330.35076923077,30.350769230768492,否
IN0514,B6T0000001539,E1,1,1,3,13,深位,33300.0,33333.027692307696,33341.876923076925,41.87692307692487,否
IN0514,B6T0000001539,E1,1,1,8,4,深位,33300.0,33344.72615384616,33353.673846153855,53.673846153855266,否
IN0357,B6T0000001102,E3,1,2,13,20,浅位,44160.0,44160.40615384616,44174.83692307693,14.83692307693127,是
IN0357,B6T0000001102,E3,1,2,13,20,深位,44160.0,44229.421538461545,44243.852307692316,83.85230769231566,否
IN0357,B6T0000001102,E3,1,2,9,45,浅位,44160.0,44252.283076923086,44268.25230769232,108.25230769231712,否
IN0357,B6T0000001102,E3,1,1,11,45,深位,44160.0,44278.22153846155,44295.421538461545,135.42153846154542,否
IN0357,B6T0000001102,E3,1,2,22,6,深位,44160.0,44306.62153846155,44324.35076923078,164.35076923078304,否
IN0357,B6T0000001102,E3,1,2,11,52,浅位,44160.0,44336.08000000001,44354.40000000001,194.40000000000873,否
IN0357,B6T0000001102,E3,1,2,11,52,深位,44160.0,44366.72000000001,44385.04000000001,225.04000000000815,否
IN0357,B6T0000001102,E3,1,1,17,32,浅位,44160.0,44397.36000000001,44416.172307692315,256.17230769231537,否
IN0357,B6T0000001102,E3,1,1,9,64,浅位,44160.0,44428.98461538462,44447.993846153855,287.993846153855,否
IN0357,B6T0000001102,E3,1,1,9,64,深位,44160.0,44461.00307692309,44480.01230769232,320.01230769231915,否
IN0357,B6T0000001102,E3,1,2,9,64,浅位,44160.0,44493.02153846155,44512.03076923078,352.03076923078333,否
IN0357,B6T0000001102,E3,1,2,9,64,深位,44160.0,44525.040000000015,44544.04923076925,384.0492307692475,否
IN0357,B6T0000001102,E3,1,1,9,65,浅位,44160.0,44557.05846153848,44576.22769230771,416.2276923077079,否
IN0357,B6T0000001102,E3,1,1,9,65,深位,44160.0,44589.39692307694,44608.56615384617,448.5661538461718,否
IN0341,B6T0000001046,E3,1,1,9,10,浅位,46980.0,46980.0,46990.36923076923,10.369230769232672,否
IN0341,B6T0000001046,E3,1,1,9,10,深位,46980.0,46994.73846153846,47005.10769230769,25.10769230769074,否
IN0442,B6T0000001340,E1,1,1,4,12,深位,51840.0,51840.0,51848.99692307692,8.996923076920211,否
IN0442,B6T0000001340,E1,1,2,6,10,深位,51840.0,51851.99384615385,51861.28615384616,21.286153846158413,否
IN0442,B6T0000001340,E1,1,1,4,15,深位,51840.0,51864.57846153846,51874.055384615385,34.055384615385265,否
IN0416,B6T0000001271,E3,1,2,9,10,浅位,52020.0,52020.0,52030.36923076923,10.369230769232672,是
IN0416,B6T0000001271,E3,1,2,9,10,深位,52020.0,52041.378461538465,52051.7476923077,31.747692307697434,是
IN0416,B6T0000001271,E3,1,2,9,65,浅位,52020.0,52062.75692307693,52081.92615384616,61.92615384615783,是
IN0416,B6T0000001271,E3,1,2,9,65,深位,52020.0,52101.09538461539,52120.26461538462,100.26461538462172,是
IN0416,B6T0000001271,E3,1,1,9,66,浅位,52020.0,52139.43384615386,52158.76307692309,138.7630769230891,否
IN0416,B6T0000001271,E3,1,1,9,66,深位,52020.0,52172.09230769232,52191.42153846155,171.4215384615527,否
IN0416,B6T0000001271,E3,1,2,9,66,浅位,52020.0,52204.750769230784,52224.080000000016,204.0800000000163,否
IN0416,B6T0000001271,E3,1,2,9,66,深位,52020.0,52237.40923076925,52256.73846153848,236.7384615384799,否
IN0416,B6T0000001271,E3,1,1,10,63,浅位,52020.0,52270.06769230771,52289.53230769233,269.5323076923305,否
IN0416,B6T0000001271,E3,1,1,10,63,深位,52020.0,52302.99692307694,52322.46153846156,302.46153846156085,否
IN0416,B6T0000001271,E3,1,2,10,63,浅位,52020.0,52335.92615384617,52355.39076923079,335.3907692307912,否
IN0416,B6T0000001271,E3,1,2,10,63,深位,52020.0,52368.8553846154,52388.32000000002,368.32000000002154,否
IN0416,B6T0000001271,E3,1,1,9,67,浅位,52020.0,52401.78461538463,52421.27384615386,401.2738461538611,否
IN0416,B6T0000001271,E3,1,1,9,67,深位,52020.0,52434.7630769231,52454.252307692324,434.2523076923244,否
IN0416,B6T0000001271,E3,1,2,9,67,浅位,52020.0,52467.74153846156,52487.23076923079,467.2307692307877,否
IN0449,B6T0000001358,E1,1,1,5,12,浅位,54180.0,54180.0,54189.304615384615,9.304615384615317,否
IN0449,B6T0000001358,E1,1,1,5,12,深位,54180.0,54192.60923076923,54201.913846153846,21.913846153845952,否
IN0449,B6T0000001358,E1,1,2,5,12,浅位,54180.0,54205.21846153846,54214.52307692308,34.52307692307659,否
IN0618,B6T0000001827,E1,1,2,5,12,深位,84780.0,84780.0,84789.30461538462,9.304615384622593,否
IN0618,B6T0000001827,E1,1,1,8,8,浅位,84780.0,84792.60923076923,84802.19692307692,22.1969230769173,否
IN0618,B6T0000001827,E1,1,1,8,8,深位,84780.0,84805.78461538462,84815.3723076923,35.372307692305185,否
IN0618,B6T0000001827,E1,1,2,8,8,浅位,84780.0,84818.96,84828.5476923077,48.54769230769307,否
IN0618,B6T0000001827,E1,1,2,8,8,深位,84780.0,84832.1353846154,84841.72307692308,61.72307692308095,否
IN0618,B6T0000001827,E1,1,1,7,10,浅位,84780.0,84845.31076923078,84854.91076923079,74.91076923078799,否
IN0618,B6T0000001827,E1,1,1,7,10,深位,84780.0,84858.51076923078,84868.11076923079,88.11076923078508,否
IN0618,B6T0000001827,E1,1,2,7,10,浅位,84780.0,84871.71076923078,84881.31076923078,101.31076923078217,否
IN0618,B6T0000001827,E1,1,1,4,17,深位,84780.0,84884.91076923077,84894.7076923077,114.70769230769656,否
IN0618,B6T0000001827,E1,1,1,1,23,深位,84780.0,84898.50461538462,84908.33846153847,128.33846153847117,否
IN0618,B6T0000001827,E1,1,1,5,18,深位,84780.0,84912.17230769231,84922.43692307692,142.43692307692254,否
IN0618,B6T0000001827,E1,1,2,6,17,深位,84780.0,84926.70153846154,84937.11384615385,157.11384615385032,否
IN0618,B6T0000001827,E1,1,1,8,14,深位,84780.0,84941.52615384615,84952.07384615384,172.07384615384217,否
IN0399,B6T0000001209,E3,1,1,9,8,浅位,88740.0,88740.0,88750.04923076923,10.049230769232963,否
IN0399,B6T0000001209,E3,1,1,9,11,浅位,88740.0,88754.09846153847,88764.6276923077,24.627692307694815,否
IN0399,B6T0000001209,E3,1,1,9,11,深位,88740.0,88769.15692307692,88779.68615384615,39.68615384615259,否
IN0399,B6T0000001209,E3,1,2,9,11,浅位,88740.0,88784.21538461538,88794.74461538461,54.74461538461037,否
IN0399,B6T0000001209,E3,1,2,9,11,深位,88740.0,88799.27384615384,88809.80307692307,69.80307692306815,否
IN0399,B6T0000001209,E3,1,1,9,12,浅位,88740.0,88814.3323076923,88825.02153846153,85.02153846152942,否
IN0399,B6T0000001209,E3,1,1,9,12,深位,88740.0,88829.71076923076,88840.4,100.39999999999418,否
IN0399,B6T0000001209,E3,1,2,9,12,浅位,88740.0,88845.08923076923,88855.77846153846,115.77846153845894,否
IN0399,B6T0000001209,E3,1,2,9,12,深位,88740.0,88860.46769230769,88871.15692307692,131.1569230769237,否
IN0399,B6T0000001209,E3,1,1,9,40,浅位,88740.0,88875.84615384616,88891.01538461538,151.0153846153844,是
IN0399,B6T0000001209,E3,1,1,17,1,浅位,88740.0,88916.03076923077,88929.88307692307,189.8830769230699,是
IN0399,B6T0000001209,E3,1,1,17,1,深位,88740.0,88943.73538461539,88957.58769230769,217.58769230768667,是
IN0399,B6T0000001209,E3,1,2,17,1,浅位,88740.0,88971.44,88985.2923076923,245.29230769230344,是
IN0399,B6T0000001209,E3,1,2,17,1,深位,88740.0,88999.14461538462,89012.99692307692,272.9969230769202,否
IN0399,B6T0000001209,E3,1,1,9,40,深位,88740.0,89020.84923076924,89036.01846153846,296.0184615384642,否
IN0399,B6T0000001209,E3,1,2,9,40,浅位,88740.0,89045.18769230769,89060.35692307692,320.3569230769208,是
IN0399,B6T0000001209,E3,1,1,9,8,深位,88740.0,89075.52615384615,89085.57538461538,345.57538461538206,是
IN0399,B6T0000001209,E3,1,2,9,8,浅位,88740.0,89095.62461538462,89105.67384615385,365.673846153848,是
IN0399,B6T0000001209,E3,1,2,9,8,深位,88740.0,89115.72307692308,89125.77230769231,385.7723076923139,是
IN0399,B6T0000001209,E3,1,1,17,18,浅位,88740.0,89148.8676923077,89165.44,425.4400000000023,是
IN0399,B6T0000001209,E3,1,1,17,18,深位,88740.0,89182.01230769232,89198.58461538462,458.58461538462143,是
IN0399,B6T0000001209,E3,1,2,17,18,浅位,88740.0,89215.15692307694,89231.72923076924,491.72923076924053,是
IN0399,B6T0000001209,E3,1,2,17,18,深位,88740.0,89248.30153846156,89264.87384615386,524.8738461538596,否
IN0399,B6T0000001209,E3,1,2,9,67,深位,88740.0,89275.44615384618,89294.93538461541,554.9353846154117,否
IN0399,B6T0000001209,E3,1,1,10,64,浅位,88740.0,89308.42461538463,89328.04923076925,588.0492307692475,否
IN0399,B6T0000001209,E3,1,1,10,64,深位,88740.0,89341.67384615386,89361.29846153848,621.2984615384776,是
IN0399,B6T0000001209,E3,1,2,10,64,浅位,88740.0,89380.92307692309,89400.54769230771,660.5476923077076,否
IN0399,B6T0000001209,E3,1,2,10,64,深位,88740.0,89414.17230769232,89433.79692307694,693.7969230769377,否
IN0399,B6T0000001209,E3,1,1,9,68,浅位,88740.0,89447.42153846155,89467.07076923078,727.0707692307769,否
IN0399,B6T0000001209,E3,1,1,9,68,深位,88740.0,89480.72000000002,89500.36923076924,760.36923076924,否
IN0399,B6T0000001209,E3,1,2,9,68,浅位,88740.0,89514.01846153848,89533.6676923077,793.667692307703,否
IN0399,B6T0000001209,E3,1,2,9,68,深位,88740.0,89547.31692307694,89566.96615384617,826.966153846166,是
IN0399,B6T0000001209,E3,1,2,11,61,深位,88740.0,89586.6153846154,89606.3753846154,866.3753846153995,是
IN0399,B6T0000001209,E3,1,1,10,65,浅位,88740.0,89626.13538461541,89645.92000000003,905.9200000000274,否
IN0399,B6T0000001209,E3,1,1,10,65,深位,88740.0,89659.70461538465,89679.48923076926,939.4892307692644,否
IN0399,B6T0000001209,E3,1,2,10,65,浅位,88740.0,89693.27384615388,89713.0584615385,973.0584615385014,否
IN0399,B6T0000001209,E3,1,2,10,65,深位,88740.0,89726.84307692312,89746.62769230774,1006.6276923077385,否
IN0399,B6T0000001209,E3,1,2,22,19,深位,88740.0,89760.41230769236,89780.22153846158,1040.2215384615847,否
IN0399,B6T0000001209,E3,1,1,14,50,深位,88740.0,89794.03076923081,89813.87692307697,1073.8769230769685,否
IN0399,B6T0000001209,E3,1,2,12,58,深位,88740.0,89827.72307692312,89847.61846153851,1107.6184615385137,否
IN0399,B6T0000001209,E3,1,1,11,62,浅位,88740.0,89861.51384615389,89881.43384615389,1141.4338461538864,否
IN0399,B6T0000001209,E3,1,1,11,62,深位,88740.0,89895.35384615388,89915.27384615388,1175.273846153883,否
IN0399,B6T0000001209,E3,1,2,11,62,浅位,88740.0,89929.19384615388,89949.11384615388,1209.1138461538794,否
IN0399,B6T0000001209,E3,1,2,11,62,深位,88740.0,89963.03384615388,89982.95384615388,1242.953846153876,否
IN0399,B6T0000001209,E3,1,1,10,66,浅位,88740.0,89996.87384615387,90016.8184615385,1276.8184615384962,否
IN0399,B6T0000001209,E3,1,1,10,66,深位,88740.0,90030.7630769231,90050.70769230773,1310.7076923077257,否
IN0399,B6T0000001209,E3,1,2,10,66,浅位,88740.0,90064.65230769233,90084.59692307696,1344.5969230769551,否
IN0488,B6T0000001473,E1,1,1,2,4,浅位,90840.0,90840.0,90847.10153846155,7.101538461545715,否
IN0488,B6T0000001473,E1,1,1,2,9,浅位,90840.0,90848.20307692308,90856.10461538461,16.104615384610952,否
IN0488,B6T0000001473,E1,1,1,2,9,深位,90840.0,90858.00615384616,90865.9076923077,25.90769230769365,否
IN0488,B6T0000001473,E1,1,2,2,9,浅位,90840.0,90867.80923076924,90875.71076923078,35.71076923077635,否
IN0634,B6T0000001900,E1,1,2,2,9,深位,94080.0,94080.0,94087.90153846153,7.901538461534074,否
IN0634,B6T0000001900,E1,1,2,3,13,浅位,94080.0,94089.80307692308,94098.65230769232,18.652307692318573,否
IN0634,B6T0000001900,E1,1,2,3,13,深位,94080.0,94101.50153846154,94110.35076923078,30.350769230775768,否
IN0634,B6T0000001900,E1,1,2,2,18,浅位,94080.0,94113.2,94122.54153846153,42.54153846153349,否
IN0352,B6T0000001090,E3,1,1,9,41,浅位,96420.0,96420.0,96435.32923076923,15.329230769231799,否
IN0352,B6T0000001090,E3,1,1,9,41,深位,96420.0,96444.65846153846,96459.9876923077,39.9876923076954,否
IN0352,B6T0000001090,E3,1,2,9,41,浅位,96420.0,96469.31692307693,96484.64615384616,64.646153846159,否
IN0352,B6T0000001090,E3,1,2,10,66,深位,96420.0,96493.97538461539,96513.92000000001,93.9200000000128,否
IN0352,B6T0000001090,E3,1,2,21,24,深位,96420.0,96527.86461538462,96547.85846153846,127.85846153846069,否
IN0352,B6T0000001090,E3,1,1,11,63,浅位,96420.0,96561.85230769232,96581.93230769232,161.9323076923174,否
IN0352,B6T0000001090,E3,1,1,11,63,深位,96420.0,96596.01230769232,96616.09230769232,196.0923076923209,否
IN0352,B6T0000001090,E3,1,2,11,63,浅位,96420.0,96630.17230769232,96650.25230769232,230.2523076923244,否
IN0352,B6T0000001090,E3,1,2,11,63,深位,96420.0,96664.33230769233,96684.41230769233,264.4123076923279,否
IN0352,B6T0000001090,E3,1,1,10,67,浅位,96420.0,96698.49230769233,96718.59692307694,298.5969230769406,否
IN0352,B6T0000001090,E3,1,1,10,67,深位,96420.0,96732.70153846157,96752.80615384618,332.80615384617704,否
IN0352,B6T0000001090,E3,1,2,10,67,浅位,96420.0,96766.9107692308,96787.01538461541,367.0153846154135,否
IN0352,B6T0000001090,E3,1,2,10,67,深位,96420.0,96801.12000000004,96821.22461538465,401.22461538464995,否
IN0352,B6T0000001090,E3,1,1,12,60,浅位,96420.0,96835.32923076928,96855.54461538466,435.54461538465694,否
IN0352,B6T0000001090,E3,1,1,12,60,深位,96420.0,96869.76000000004,96889.97538461542,469.9753846154199,否
IN0352,B6T0000001090,E3,1,2,12,60,浅位,96420.0,96904.1907692308,96924.40615384618,504.40615384618286,否
IN0352,B6T0000001090,E3,1,2,12,60,深位,96420.0,96938.62153846156,96958.83692307695,538.8369230769458,否
IN0352,B6T0000001090,E3,1,1,11,64,浅位,96420.0,96973.05230769233,96993.29230769233,573.2923076923325,否
IN0352,B6T0000001090,E3,1,1,11,64,深位,96420.0,97007.53230769232,97027.77230769233,607.7723076923285,否
IN0352,B6T0000001090,E3,1,2,11,64,浅位,96420.0,97042.01230769232,97062.25230769232,642.2523076923244,否
IN0352,B6T0000001090,E3,1,2,11,64,深位,96420.0,97076.49230769232,97096.73230769232,676.7323076923203,否
IN0459,B6T0000001379,E1,1,2,2,18,深位,97080.0,97110.97230769231,97120.31384615385,40.31384615384741,否
IN0459,B6T0000001379,E1,1,1,7,17,浅位,97080.0,97123.65538461538,97134.37538461538,54.375384615384974,否
IN0459,B6T0000001379,E1,1,1,4,23,深位,97080.0,97139.09538461539,97149.85230769232,69.85230769231566,否
IN0459,B6T0000001379,E1,1,1,6,21,深位,97080.0,97154.60923076923,97165.66153846154,85.66153846154339,否
IN0459,B6T0000001379,E1,1,2,7,20,深位,97080.0,97170.71384615384,97181.91384615384,101.91384615383868,否
IN0352,B6T0000001090,E3,1,1,10,68,浅位,96420.0,97187.11384615384,97207.37846153845,787.3784615384502,否
IN0352,B6T0000001090,E3,1,1,10,68,深位,96420.0,97221.64307692306,97241.90769230768,821.9076923076791,否
IN0352,B6T0000001090,E3,1,2,10,68,浅位,96420.0,97256.1723076923,97276.43692307691,856.436923076908,否
IN0352,B6T0000001090,E3,1,2,10,68,深位,96420.0,97290.70153846152,97310.96615384614,890.9661538461369,否
IN0352,B6T0000001090,E3,1,1,12,61,浅位,96420.0,97325.23076923075,97345.60615384614,925.6061538461363,否
IN0352,B6T0000001090,E3,1,1,12,61,深位,96420.0,97359.98153846152,97380.3569230769,960.3569230769062,否
IN0352,B6T0000001090,E3,1,2,12,61,浅位,96420.0,97394.73230769229,97415.10769230768,995.1076923076762,否
IN0352,B6T0000001090,E3,1,2,12,61,深位,96420.0,97429.48307692306,97449.85846153845,1029.8584615384461,否
IN0306,B6T0000000928,E3,1,1,12,14,浅位,104280.0,104280.0,104292.85538461538,12.855384615380899,否
IN0306,B6T0000000928,E3,1,1,12,14,深位,104280.0,104299.71076923078,104312.56615384616,32.56615384615725,否
IN0306,B6T0000000928,E3,1,2,12,14,浅位,104280.0,104319.42153846155,104332.27692307693,52.2769230769336,否
IN0306,B6T0000000928,E3,1,2,12,14,深位,104280.0,104339.13230769233,104351.98769230771,71.98769230770995,否
IN0306,B6T0000000928,E3,1,1,11,65,浅位,104280.0,104358.8430769231,104379.2430769231,99.24307692309958,否
IN0068,B6T0000000191,E4,1,1,43,3,浅位,104820.0,104820.0,104850.24923076923,30.249230769230053,否
IN0068,B6T0000000191,E4,1,1,43,3,深位,104820.0,104874.49846153846,104904.74769230769,84.74769230769016,否
IN0068,B6T0000000191,E4,1,2,43,3,浅位,104820.0,104928.99692307692,104959.24615384615,139.24615384615026,否
IN0068,B6T0000000191,E4,1,2,43,3,深位,104820.0,104983.49538461538,105013.74461538461,193.74461538461037,否
IN0068,B6T0000000191,E4,1,1,43,9,浅位,104820.0,105037.99384615384,105069.20307692308,249.20307692307688,否
IN0068,B6T0000000191,E4,1,1,43,9,深位,104820.0,105094.4123076923,105125.62153846154,305.62153846153524,否
IN0068,B6T0000000191,E4,1,2,43,9,浅位,104820.0,105150.83076923076,105182.04,362.0399999999936,否
IN0068,B6T0000000191,E4,1,2,43,9,深位,104820.0,105207.24923076922,105238.45846153845,418.45846153845196,否
IN0068,B6T0000000191,E4,1,1,43,13,浅位,104820.0,105263.66769230767,105295.51692307691,475.51692307690973,否
IN0068,B6T0000000191,E4,1,1,43,13,深位,104820.0,105321.36615384613,105353.21538461537,533.2153846153669,否
IN0068,B6T0000000191,E4,1,2,43,13,浅位,104820.0,105379.06461538459,105410.91384615382,590.9138461538241,否
IN0068,B6T0000000191,E4,1,2,43,13,深位,104820.0,105436.76307692305,105468.61230769228,648.6123076922813,否
IN0068,B6T0000000191,E4,1,1,45,11,浅位,104820.0,105494.4615384615,105527.5292307692,707.5292307691998,否
IN0068,B6T0000000191,E4,1,1,45,11,深位,104820.0,105554.59692307688,105587.66461538458,767.6646153845795,否
IN0068,B6T0000000191,E4,1,2,45,11,浅位,104820.0,105614.73230769226,105647.79999999996,827.7999999999593,否
IN0068,B6T0000000191,E4,1,2,45,11,深位,104820.0,105674.86769230764,105707.93538461534,887.935384615339,否
IN0068,B6T0000000191,E4,1,1,48,4,浅位,104820.0,105735.00307692302,105769.25846153841,949.2584615384112,是
IN0068,B6T0000000191,E4,1,1,48,4,深位,104820.0,105818.87384615379,105853.12923076918,1033.1292307691765,是
IN0068,B6T0000000191,E4,1,2,48,4,浅位,104820.0,105902.74461538455,105936.99999999994,1116.9999999999418,否
IN0068,B6T0000000191,E4,1,2,48,4,深位,104820.0,105965.25538461532,105999.5107692307,1179.5107692307065,否
IN0557,B6T0000001656,E1,1,1,9,13,浅位,110340.0,110340.0,110350.84923076924,10.849230769235874,否
IN0557,B6T0000001656,E1,1,1,9,13,深位,110340.0,110355.69846153846,110366.5476923077,26.54769230769307,否
IN0557,B6T0000001656,E1,1,2,9,13,浅位,110340.0,110371.39692307691,110382.24615384615,42.246153846150264,否
IN0557,B6T0000001656,E1,1,2,6,23,深位,110340.0,110387.09538461537,110398.46769230768,58.46769230767677,否
IN0253,B6T0000000743,E3,1,1,16,3,深位,118680.0,118680.0,118693.55692307692,13.556923076917883,否
IN0253,B6T0000000743,E3,1,2,16,3,浅位,118680.0,118701.11384615385,118714.67076923077,34.6707692307682,否
IN0253,B6T0000000743,E3,1,2,16,3,深位,118680.0,118722.2276923077,118735.78461538462,55.78461538461852,否
IN0253,B6T0000000743,E3,1,1,20,3,浅位,118680.0,118743.34153846155,118759.36000000002,79.36000000001513,否
IN0348,B6T0000001080,E3,1,1,9,4,浅位,124080.0,124080.0,124089.40923076923,9.409230769233545,否
IN0348,B6T0000001080,E3,1,1,9,4,深位,124080.0,124092.81846153847,124102.2276923077,22.227692307700636,否
IN0348,B6T0000001080,E3,1,2,9,4,浅位,124080.0,124105.63692307693,124115.04615384617,35.046153846167726,否
IN0348,B6T0000001080,E3,1,2,9,4,深位,124080.0,124118.4553846154,124127.86461538463,47.86461538463482,否
IN0348,B6T0000001080,E3,1,1,20,3,深位,124080.0,124131.27384615387,124147.29230769233,67.29230769233254,否
IN0348,B6T0000001080,E3,1,2,20,3,浅位,124080.0,124157.3107692308,124173.32923076926,93.3292307692609,否
IN0348,B6T0000001080,E3,1,2,20,3,深位,124080.0,124183.34769230773,124199.36615384619,119.36615384618926,否
IN0348,B6T0000001080,E3,1,1,15,26,浅位,124080.0,124209.38461538465,124226.00615384619,146.00615384618868,否
IN0348,B6T0000001080,E3,1,1,17,25,浅位,124080.0,124236.62769230772,124254.32000000004,174.3200000000361,否
IN0348,B6T0000001080,E3,1,1,17,25,深位,124080.0,124266.01230769233,124283.70461538465,203.70461538464588,否
IN0348,B6T0000001080,E3,1,1,11,65,深位,124080.0,124295.39692307694,124315.79692307694,235.79692307693767,否
IN0430,B6T0000001308,E3,1,2,11,65,浅位,124080.0,124330.19692307695,124350.59692307694,270.5969230769406,否
IN0430,B6T0000001308,E3,1,2,11,65,深位,124080.0,124364.99692307695,124385.39692307694,305.3969230769435,否
IN0430,B6T0000001308,E3,1,1,12,62,浅位,124080.0,124399.79692307695,124420.33230769234,340.3323076923407,否
IN0307,B6T0000000929,E3,1,2,13,20,浅位,130740.0,130740.0,130754.43076923076,14.430769230762962,否
IN0307,B6T0000000929,E3,1,2,13,20,深位,130740.0,130762.86153846154,130777.2923076923,37.29230769230344,否
IN0096,B6T0000000268,E4,1,1,43,34,浅位,133980.0,133980.0,134015.20923076922,35.209230769221904,否
IN0096,B6T0000000268,E4,1,1,43,34,深位,133980.0,134044.41846153847,134079.6276923077,99.62769230769482,否
IN0096,B6T0000000268,E4,1,1,47,19,浅位,133980.0,134108.83692307695,134144.7230769231,164.72307692311006,否
IN0293,B6T0000000880,E3,1,1,18,5,浅位,135600.0,135600.0,135615.1076923077,15.107692307705292,否
IN0293,B6T0000000880,E3,1,1,18,5,深位,135600.0,135624.21538461538,135639.3230769231,39.323076923086774,否
IN0293,B6T0000000880,E3,1,2,18,5,浅位,135600.0,135648.43076923076,135663.53846153847,63.538461538468255,否
IN0047,B6T0000000138,E4,1,1,47,19,深位,137880.0,137880.0,137915.88615384616,35.886153846164234,否
IN0047,B6T0000000138,E4,1,2,47,19,浅位,137880.0,137945.7723076923,137981.65846153846,101.6584615384636,否
IN0649,B6T0000001960,E1,1,1,4,3,浅位,141480.0,141480.0,141487.55692307692,7.556923076917883,是
IN0649,B6T0000001960,E1,1,1,4,3,深位,141480.0,141534.31384615385,141541.87076923077,61.87076923076529,是
IN0649,B6T0000001960,E1,1,2,4,3,浅位,141480.0,141588.6276923077,141596.1846153846,116.1846153846127,否
IN0660,B6T0000001984,E1,1,2,4,3,深位,143160.0,143160.0,143167.55692307692,7.556923076917883,否
IN0660,B6T0000001984,E1,1,1,1,18,浅位,143160.0,143169.11384615384,143178.14769230768,18.147692307684338,否
IN0012,B6T0000000030,E4,1,1,43,1,浅位,145380.0,145380.0,145409.92923076922,29.929230769223068,否
IN0012,B6T0000000030,E4,1,1,43,1,深位,145380.0,145433.85846153848,145463.7876923077,83.78769230769831,否
IN0012,B6T0000000030,E4,1,2,43,1,浅位,145380.0,145487.71692307695,145517.64615384617,137.64615384617355,否
IN0012,B6T0000000030,E4,1,2,43,1,深位,145380.0,145541.57538461543,145571.50461538465,191.5046153846488,否
IN0012,B6T0000000030,E4,1,1,45,30,浅位,145380.0,145595.4338461539,145631.5415384616,251.54153846160625,否
IN0417,B6T0000001272,E3,1,2,18,5,深位,146760.0,146760.0,146775.1076923077,15.107692307705292,否
IN0417,B6T0000001272,E3,1,2,9,45,浅位,146760.0,146784.21538461538,146800.1846153846,40.1846153846127,否
IN0417,B6T0000001272,E3,1,1,11,45,深位,146760.0,146810.15384615384,146827.35384615386,67.35384615385556,否
IN0417,B6T0000001272,E3,1,2,22,6,深位,146760.0,146838.55384615384,146856.28307692308,96.28307692307862,否
IN0417,B6T0000001272,E3,1,2,11,52,浅位,146760.0,146868.0123076923,146886.3323076923,126.33230769229704,否
IN0417,B6T0000001272,E3,1,2,11,52,深位,146760.0,146898.6523076923,146916.9723076923,156.972307692311,否
IN0417,B6T0000001272,E3,1,2,18,28,浅位,146760.0,146929.29230769232,146948.08000000002,188.0800000000163,否
IN0417,B6T0000001272,E3,1,2,18,28,深位,146760.0,146960.86769230771,146979.6553846154,219.6553846154129,否
IN0417,B6T0000001272,E3,1,1,17,32,浅位,146760.0,146992.4430769231,147011.25538461542,251.25538461541873,否
IN0633,B6T0000001895,E1,1,1,1,18,深位,168780.0,168780.0,168789.03384615385,9.033846153848572,否
IN0633,B6T0000001895,E1,1,2,1,18,浅位,168780.0,168792.0676923077,168801.10153846155,21.101538461545715,否
IN0633,B6T0000001895,E1,1,2,1,18,深位,168780.0,168804.1353846154,168813.16923076924,33.16923076924286,否
IN0633,B6T0000001895,E1,1,1,1,23,浅位,168780.0,168816.2030769231,168826.03692307693,46.03692307692836,否
IN0633,B6T0000001895,E1,1,1,2,25,浅位,168780.0,168829.8707692308,168840.33230769233,60.33230769232614,否
IN0633,B6T0000001895,E1,1,1,2,25,深位,168780.0,168844.79384615386,168855.2553846154,75.25538461538963,否
IN0328,B6T0000000996,E3,1,1,9,64,浅位,170040.0,170040.0,170059.00923076924,19.009230769239366,否
IN0328,B6T0000000996,E3,1,1,9,64,深位,170040.0,170072.01846153845,170091.0276923077,51.027692307688994,否
IN0328,B6T0000000996,E3,1,2,9,64,浅位,170040.0,170104.0369230769,170123.04615384614,83.04615384613862,否
IN0328,B6T0000000996,E3,1,1,12,62,深位,170040.0,170136.05538461535,170156.59076923074,116.59076923073735,否
IN0328,B6T0000000996,E3,1,2,12,62,浅位,170040.0,170171.12615384613,170191.6615384615,151.66153846151428,否
IN0328,B6T0000000996,E3,1,2,12,62,深位,170040.0,170206.1969230769,170226.7323076923,186.73230769229122,否
IN0328,B6T0000000996,E3,1,1,11,66,浅位,170040.0,170241.26769230768,170261.82769230768,221.82769230767735,否
IN0328,B6T0000000996,E3,1,1,11,66,深位,170040.0,170276.38769230768,170296.94769230767,256.9476923076727,否
IN0328,B6T0000000996,E3,1,2,11,66,浅位,170040.0,170311.50769230767,170332.06769230767,292.06769230766804,否
IN0328,B6T0000000996,E3,1,2,11,66,深位,170040.0,170346.62769230767,170367.18769230766,327.1876923076634,否
IN0328,B6T0000000996,E3,1,1,13,59,浅位,170040.0,170381.74769230766,170402.41846153844,362.4184615384438,否
IN0328,B6T0000000996,E3,1,1,13,59,深位,170040.0,170417.0892307692,170437.75999999998,397.7599999999802,否
IN0328,B6T0000000996,E3,1,2,13,59,浅位,170040.0,170452.43076923073,170473.10153846152,433.1015384615166,否
IN0328,B6T0000000996,E3,1,2,13,59,深位,170040.0,170487.77230769227,170508.44307692305,468.443076923053,否
IN0328,B6T0000000996,E3,1,1,12,63,浅位,170040.0,170523.1138461538,170543.8092307692,503.8092307691986,否
IN0328,B6T0000000996,E3,1,1,12,63,深位,170040.0,170558.50461538456,170579.19999999995,539.1999999999534,否
IN0328,B6T0000000996,E3,1,2,12,63,浅位,170040.0,170593.89538461532,170614.5907692307,574.5907692307082,否
IN0328,B6T0000000996,E3,1,2,12,63,深位,170040.0,170629.28615384607,170649.98153846146,609.9815384614631,否
IN0328,B6T0000000996,E3,1,1,11,67,浅位,170040.0,170664.67692307683,170685.39692307683,645.3969230768271,否
IN0490,B6T0000001476,E1,1,2,2,25,浅位,170700.0,170700.11692307683,170710.57846153836,10.578461538359988,否
IN0490,B6T0000001476,E1,1,2,2,25,深位,170700.0,170715.0399999999,170725.50153846142,25.50153846142348,否
IN0490,B6T0000001476,E1,1,1,1,28,浅位,170700.0,170729.96307692296,170740.5969230768,40.59692307680962,否
IN0490,B6T0000001476,E1,1,1,1,28,深位,170700.0,170745.23076923063,170755.8646153845,55.8646153844893,否
IN0490,B6T0000001476,E1,1,2,1,28,浅位,170700.0,170760.49846153831,170771.13230769217,71.13230769216898,否
IN0490,B6T0000001476,E1,1,2,1,28,深位,170700.0,170775.766153846,170786.39999999985,86.39999999984866,否
IN0490,B6T0000001476,E1,1,1,2,31,浅位,170700.0,170791.03384615367,170802.45538461523,102.45538461522665,否
IN0490,B6T0000001476,E1,1,1,2,31,深位,170700.0,170807.87692307675,170819.2984615383,119.29846153830294,否
IN0490,B6T0000001476,E1,1,2,2,31,浅位,170700.0,170824.71999999983,170836.14153846138,136.14153846137924,否
IN0328,B6T0000000996,E3,1,1,11,67,深位,170040.0,170841.5630769229,170862.2830769229,822.283076922904,否
IN0328,B6T0000000996,E3,1,2,11,67,浅位,170040.0,170877.0030769229,170897.7230769229,857.7230769229063,否
IN0328,B6T0000000996,E3,1,2,11,67,深位,170040.0,170912.4430769229,170933.1630769229,893.1630769229087,否
IN0328,B6T0000000996,E3,1,1,13,60,浅位,170040.0,170947.8830769229,170968.71384615367,928.713846153667,否
IN0328,B6T0000000996,E3,1,1,13,60,深位,170040.0,170983.54461538445,171004.3753846152,964.3753846152104,否
IN0328,B6T0000000996,E3,1,2,13,60,浅位,170040.0,171019.206153846,171040.03692307675,1000.0369230767537,否
IN0292,B6T0000000877,E3,1,2,13,60,深位,170040.0,171054.86769230754,171075.6984615383,1035.6984615382971,否
IN0292,B6T0000000877,E3,1,1,12,64,浅位,170040.0,171090.52923076908,171111.38461538448,1071.3846153844788,否
IN0292,B6T0000000877,E3,1,1,12,64,深位,170040.0,171126.23999999985,171147.09538461524,1107.0953846152406,否
IN0292,B6T0000000877,E3,1,2,12,64,浅位,170040.0,171161.9507692306,171182.806153846,1142.8061538460024,否
IN0292,B6T0000000877,E3,1,2,12,64,深位,170040.0,171197.66153846137,171218.51692307676,1178.5169230767642,否
IN0299,B6T0000000897,E3,1,1,11,68,浅位,170100.0,171233.37230769213,171254.25230769214,1154.2523076921352,否
IN0299,B6T0000000897,E3,1,1,11,68,深位,170100.0,171269.13230769214,171290.01230769214,1190.0123076921445,否
IN0299,B6T0000000897,E3,1,2,11,68,浅位,170100.0,171304.89230769215,171325.77230769215,1225.7723076921538,否
IN0299,B6T0000000897,E3,1,2,11,68,深位,170100.0,171340.65230769216,171361.53230769216,1261.5323076921632,否
IN0299,B6T0000000897,E3,1,1,23,22,深位,170100.0,171376.41230769217,171397.31692307678,1297.3169230767817,否
IN0299,B6T0000000897,E3,1,1,13,61,浅位,170100.0,171412.2215384614,171433.21230769216,1333.2123076921562,否
IN0574,B6T0000001703,E1,1,2,4,28,浅位,171420.0,171448.20307692295,171459.75999999986,39.759999999863794,否
IN0574,B6T0000001703,E1,1,2,4,28,深位,171420.0,171465.31692307678,171476.8738461537,56.87384615369956,否
IN0574,B6T0000001703,E1,1,1,6,25,浅位,171420.0,171482.43076923062,171494.12307692293,74.12307692292961,否
IN0574,B6T0000001703,E1,1,1,6,25,深位,171420.0,171499.81538461524,171511.50769230755,91.50769230755395,否
IN0299,B6T0000000897,E3,1,1,13,61,深位,170100.0,171517.19999999987,171538.19076923063,1438.1907692306268,否
IN0299,B6T0000000897,E3,1,2,13,61,浅位,170100.0,171553.18153846142,171574.17230769218,1474.1723076921771,否
IN0299,B6T0000000897,E3,1,2,13,61,深位,170100.0,171589.16307692297,171610.15384615373,1510.1538461537275,否
IN0299,B6T0000000897,E3,1,1,12,65,浅位,170100.0,171625.14461538452,171646.15999999992,1546.1599999999162,否
IN0299,B6T0000000897,E3,1,1,12,65,深位,170100.0,171661.1753846153,171682.19076923068,1582.190769230685,否
IN0299,B6T0000000897,E3,1,2,12,65,浅位,170100.0,171697.20615384605,171718.22153846145,1618.2215384614537,否
IN0588,B6T0000001748,E1,1,2,6,25,浅位,171720.0,171733.23692307682,171744.92923076914,24.929230769135756,否
IN0588,B6T0000001748,E1,1,2,6,25,深位,171720.0,171750.62153846145,171762.31384615376,42.313846153760096,否
IN0588,B6T0000001748,E1,1,2,5,27,深位,171720.0,171768.00615384607,171779.71076923067,59.71076923067449,否
IN0588,B6T0000001748,E1,1,2,1,35,深位,171720.0,171785.4153846153,171797.16923076916,77.16923076915555,否
IN0588,B6T0000001748,E1,1,1,5,28,深位,171720.0,171802.923076923,171814.7876923076,94.787692307611,否
IN0588,B6T0000001748,E1,1,2,5,28,浅位,171720.0,171820.65230769225,171832.51692307685,112.51692307685153,否
IN0588,B6T0000001748,E1,1,2,5,28,深位,171720.0,171838.3815384615,171850.2461538461,130.24615384609206,否
IN0299,B6T0000000897,E3,1,2,12,65,深位,170100.0,171856.11076923073,171877.12615384613,1777.1261538461258,否
IN0299,B6T0000000897,E3,1,1,14,58,浅位,170100.0,171892.1415384615,171913.26769230765,1813.2676923076506,否
IN0299,B6T0000000897,E3,1,1,14,58,深位,170100.0,171928.3938461538,171949.51999999996,1849.5199999999604,否
IN0299,B6T0000000897,E3,1,2,14,58,浅位,170100.0,171964.64615384612,171985.77230769227,1885.7723076922703,否
IN0299,B6T0000000897,E3,1,2,14,58,深位,170100.0,172000.89846153843,172022.02461538458,1922.02461538458,否
IN0299,B6T0000000897,E3,1,1,13,62,浅位,170100.0,172037.15076923074,172058.3015384615,1958.3015384614991,否
IN0299,B6T0000000897,E3,1,1,13,62,深位,170100.0,172073.45230769226,172094.60307692303,1994.6030769230274,否
IN0299,B6T0000000897,E3,1,2,13,62,浅位,170100.0,172109.7538461538,172130.90461538456,2030.9046153845557,否
IN0299,B6T0000000897,E3,1,2,13,62,深位,170100.0,172146.05538461532,172167.20615384608,2067.206153846084,否
IN0354,B6T0000001098,E3,1,1,9,35,浅位,173220.0,173224.51076923072,173238.87999999995,18.87999999994645,是
IN0354,B6T0000001098,E3,1,1,12,66,浅位,173220.0,173253.24923076917,173274.42461538455,54.42461538454518,是
IN0354,B6T0000001098,E3,1,1,9,35,深位,173220.0,173295.59999999995,173309.96923076917,89.96923076917301,是
IN0354,B6T0000001098,E3,1,1,12,66,深位,173220.0,173361.2615384615,173382.43692307686,162.43692307686433,否
IN0354,B6T0000001098,E3,1,2,12,66,浅位,173220.0,173397.61230769227,173418.78769230764,198.7876923076401,否
IN0354,B6T0000001098,E3,1,2,12,66,深位,173220.0,173433.96307692304,173455.13846153842,235.13846153841587,是
IN0354,B6T0000001098,E3,1,1,14,59,浅位,173220.0,173476.31384615382,173497.59999999998,277.5999999999767,是
IN0354,B6T0000001098,E3,1,1,14,59,深位,173220.0,173518.88615384614,173540.1723076923,320.17230769229354,是
IN0261,B6T0000000775,E3,1,1,9,17,浅位,175200.0,175200.0,175211.48923076922,11.48923076922074,否
IN0261,B6T0000000775,E3,1,1,9,17,深位,175200.0,175216.97846153847,175228.4676923077,28.467692307691323,否
IN0659,B6T0000001982,E1,1,1,2,4,深位,175920.0,175948.41230769237,175955.51384615392,35.51384615391726,否
IN0659,B6T0000001982,E1,1,2,2,4,浅位,175920.0,175956.61538461546,175963.716923077,43.71692307700869,否
IN0659,B6T0000001982,E1,1,2,2,4,深位,175920.0,175964.81846153855,175971.9200000001,51.92000000010012,否
IN0145,B6T0000000433,E3,1,2,9,17,浅位,178560.0,178560.0,178571.48923076922,11.48923076922074,否
IN0145,B6T0000000433,E3,1,2,9,17,深位,178560.0,178576.97846153847,178588.4676923077,28.467692307691323,否
IN0577,B6T0000001711,E1,1,1,5,2,浅位,186840.0,186840.0,186847.7046153846,7.704615384602221,否
IN0577,B6T0000001711,E1,1,1,5,2,深位,186840.0,186849.40923076923,186857.11384615384,17.113846153835766,否
IN0422,B6T0000001289,E3,1,1,12,11,浅位,189180.0,189180.0,189192.37538461538,12.375384615384974,否
IN0422,B6T0000001289,E3,1,1,12,11,深位,189180.0,189198.75076923077,189211.12615384615,31.12615384615492,否
IN0350,B6T0000001086,E3,1,2,12,11,浅位,189240.0,189240.0,189252.37538461538,12.375384615384974,否
IN0350,B6T0000001086,E3,1,1,10,23,深位,189240.0,189258.75076923077,189271.8153846154,31.815384615387302,否
IN0350,B6T0000001086,E3,1,2,15,5,深位,189240.0,189278.88,189292.14153846155,52.141538461553864,否
IN0350,B6T0000001086,E3,1,1,13,14,浅位,189240.0,189299.40307692307,189312.87384615385,72.87384615384508,否
IN0350,B6T0000001086,E3,1,1,13,14,深位,189240.0,189320.34461538462,189333.8153846154,93.8153846153873,否
IN0455,B6T0000001371,E1,1,2,5,2,浅位,190080.0,190080.0,190087.7046153846,7.704615384602221,否
IN0455,B6T0000001371,E1,1,2,5,2,深位,190080.0,190089.40923076923,190097.11384615384,17.113846153835766,否
IN0549,B6T0000001643,E1,1,1,1,10,浅位,191700.0,191700.0,191707.75384615385,7.753846153849736,否
IN0549,B6T0000001643,E1,1,1,1,10,深位,191700.0,191709.5076923077,191717.26153846155,17.261538461549208,否
IN0549,B6T0000001643,E1,1,2,1,10,浅位,191700.0,191719.0153846154,191726.76923076925,26.76923076924868,否
IN0549,B6T0000001643,E1,1,2,1,10,深位,191700.0,191728.5230769231,191736.27692307695,36.27692307694815,否
IN0549,B6T0000001643,E1,1,1,1,20,浅位,191700.0,191738.0307692308,191747.38461538465,47.38461538465344,否
IN0203,B6T0000000592,E3,1,1,9,9,浅位,204540.0,204540.0,204550.20923076922,10.209230769221904,否
IN0203,B6T0000000592,E3,1,1,9,9,深位,204540.0,204554.41846153847,204564.6276923077,24.627692307694815,否
IN0180,B6T0000000521,E3,1,2,9,9,浅位,204780.0,204780.0,204790.20923076922,10.209230769221904,否
IN0180,B6T0000000521,E3,1,2,9,9,深位,204780.0,204794.41846153847,204804.6276923077,24.627692307694815,否
IN0180,B6T0000000521,E3,1,1,15,6,浅位,204780.0,204808.83692307695,204822.2584615385,42.25846153849852,否
IN0023,B6T0000000073,E4,1,1,45,21,浅位,209940.0,209940.0,209974.6676923077,34.667692307702964,否
IN0023,B6T0000000073,E4,1,1,45,21,深位,209940.0,210003.33538461538,210038.00307692308,98.00307692307979,否
IN0023,B6T0000000073,E4,1,2,45,21,浅位,209940.0,210066.67076923075,210101.33846153846,161.3384615384566,否
IN0023,B6T0000000073,E4,1,1,45,27,浅位,209940.0,210130.00615384613,210165.63384615383,225.6338461538253,否
IN0023,B6T0000000073,E4,1,1,45,27,深位,209940.0,210195.26153846152,210230.88923076921,290.8892307692149,否
IN0023,B6T0000000073,E4,1,2,45,27,浅位,209940.0,210260.5169230769,210296.1446153846,356.14461538460455,否
IN0023,B6T0000000073,E4,1,1,45,30,深位,209940.0,210325.7723076923,210361.88,421.88000000000466,否
IN0023,B6T0000000073,E4,1,1,49,15,浅位,209940.0,210391.98769230768,210428.7723076923,488.77230769229936,否
IN0023,B6T0000000073,E4,1,1,49,15,深位,209940.0,210459.55692307692,210496.34153846154,556.3415384615364,否
IN0113,B6T0000000326,E3,1,1,15,6,深位,213540.0,213540.0,213553.42153846155,13.4215384615527,否
IN0113,B6T0000000326,E3,1,2,15,6,浅位,213540.0,213560.84307692308,213574.26461538463,34.264615384628996,否
IN0113,B6T0000000326,E3,1,2,15,6,深位,213540.0,213581.68615384615,213595.1076923077,55.10769230770529,否
IN0113,B6T0000000326,E3,1,2,13,14,浅位,213540.0,213602.52923076923,213616.0,76.0,否
IN0303,B6T0000000918,E3,1,1,13,5,浅位,218640.0,218640.0,218652.03076923077,12.030769230768783,否
IN0303,B6T0000000918,E3,1,1,13,5,深位,218640.0,218658.06153846154,218670.0923076923,30.09230769230635,否
IN0303,B6T0000000918,E3,1,2,13,5,浅位,218640.0,218676.12307692308,218688.15384615384,48.153846153843915,否
IN0303,B6T0000000918,E3,1,2,13,5,深位,218640.0,218694.1846153846,218706.21538461538,66.21538461538148,否
IN0303,B6T0000000918,E3,1,2,12,11,深位,218640.0,218712.24615384615,218724.62153846154,84.62153846153524,否
IN0303,B6T0000000918,E3,1,2,13,14,深位,218640.0,218730.99692307692,218744.4676923077,104.46769230769132,否
IN0303,B6T0000000918,E3,1,1,16,4,浅位,218640.0,218751.93846153846,218765.65538461538,125.65538461538381,否
IN0303,B6T0000000918,E3,1,1,9,33,浅位,218640.0,218773.3723076923,218787.42153846152,147.4215384615236,否
IN0303,B6T0000000918,E3,1,1,9,33,深位,218640.0,218795.47076923077,218809.52,169.51999999998952,否
IN0626,B6T0000001859,E1,1,1,2,4,浅位,219000.0,219000.0,219007.10153846155,7.101538461545715,否
IN0626,B6T0000001859,E1,1,1,2,9,浅位,219000.0,219008.2030769231,219016.10461538463,16.104615384625504,否
IN0626,B6T0000001859,E1,1,1,2,9,深位,219000.0,219018.00615384616,219025.9076923077,25.90769230769365,否
IN0626,B6T0000001859,E1,1,1,4,6,浅位,219000.0,219027.80923076923,219035.84615384616,35.846153846156085,否
IN0626,B6T0000001859,E1,1,1,4,6,深位,219000.0,219037.88307692308,219045.92,45.920000000012806,否
IN0626,B6T0000001859,E1,1,2,4,6,浅位,219000.0,219047.95692307694,219055.99384615387,55.99384615386953,否
IN0626,B6T0000001859,E1,1,2,4,6,深位,219000.0,219058.0307692308,219066.06769230773,66.06769230772625,否
IN0626,B6T0000001859,E1,1,1,6,3,浅位,219000.0,219068.10461538465,219076.27692307695,76.27692307694815,否
IN0021,B6T0000000064,E4,1,2,49,15,浅位,219240.0,219240.0,219276.78461538462,36.78461538461852,否
IN0021,B6T0000000064,E4,1,2,49,15,深位,219240.0,219307.56923076924,219344.35384615386,104.35384615385556,否
IN0021,B6T0000000064,E4,1,1,43,45,浅位,219240.0,219375.13846153847,219412.1076923077,172.1076923077053,否
IN0013,B6T0000000039,E4,1,1,43,45,深位,220440.0,220440.0,220476.96923076923,36.96923076923122,否
IN0013,B6T0000000039,E4,1,1,44,42,浅位,220440.0,220507.93846153846,220545.19692307693,105.19692307693185,否
IN0013,B6T0000000039,E4,1,1,44,42,深位,220440.0,220576.45538461537,220613.71384615384,173.7138461538416,否
IN0013,B6T0000000039,E4,1,1,45,39,浅位,220440.0,220644.97230769228,220682.51999999996,242.51999999996042,否
IN0044,B6T0000000130,E4,1,1,45,39,深位,221460.0,221460.0,221497.54769230768,37.54769230767852,否
IN0044,B6T0000000130,E4,1,1,46,39,浅位,221460.0,221529.0953846154,221567.4123076923,107.41230769231333,否
IN0044,B6T0000000130,E4,1,1,46,39,深位,221460.0,221599.72923076924,221638.04615384617,178.04615384616773,否
IN0044,B6T0000000130,E4,1,2,44,50,浅位,221460.0,221670.3630769231,221708.90153846156,248.90153846156318,否
IN0223,B6T0000000644,E3,1,2,9,33,浅位,224460.0,224460.0,224474.04923076922,14.049230769218411,否
IN0223,B6T0000000644,E3,1,2,13,19,深位,224460.0,224482.09846153847,224496.36923076923,36.369230769225396,否
IN0223,B6T0000000644,E3,1,1,13,20,深位,224460.0,224504.64,224519.07076923078,59.07076923077693,否
IN0197,B6T0000000571,E3,1,1,15,13,浅位,231360.0,231360.0,231374.54153846155,14.541538461548043,否
IN0197,B6T0000000571,E3,1,1,15,13,深位,231360.0,231383.08307692307,231397.62461538462,37.624615384615026,否
IN0197,B6T0000000571,E3,1,2,15,13,浅位,231360.0,231406.16615384613,231420.70769230768,60.70769230768201,否
IN0197,B6T0000000571,E3,1,2,15,13,深位,231360.0,231429.2492307692,231443.79076923075,83.79076923074899,否
IN0197,B6T0000000571,E3,1,1,17,7,浅位,231360.0,231452.33230769227,231467.14461538458,107.14461538457545,否
IN0197,B6T0000000571,E3,1,1,17,7,深位,231360.0,231475.95692307688,231490.7692307692,130.76923076919047,否
IN0197,B6T0000000571,E3,1,1,15,23,深位,231360.0,231499.5815384615,231515.72307692302,155.72307692302275,否
IN0197,B6T0000000571,E3,1,1,21,3,浅位,231360.0,231525.86461538458,231542.49846153843,182.498461538431,否
IN0197,B6T0000000571,E3,1,1,21,3,深位,231360.0,231553.13230769226,231569.7661538461,209.76615384611068,否
IN0197,B6T0000000571,E3,1,2,21,3,浅位,231360.0,231580.39999999994,231597.0338461538,237.03384615379036,否
IN0197,B6T0000000571,E3,1,2,21,3,深位,231360.0,231607.66769230762,231624.30153846147,264.30153846147005,否
IN0554,B6T0000001652,E1,1,1,6,7,浅位,255420.0,255420.0,255428.8123076923,8.812307692307513,否
IN0554,B6T0000001652,E1,1,1,6,7,深位,255420.0,255431.62461538462,255440.43692307692,20.43692307692254,否
IN0520,B6T0000001554,E1,1,2,6,7,浅位,255600.0,255600.0,255608.8123076923,8.812307692307513,否
IN0520,B6T0000001554,E1,1,2,6,7,深位,255600.0,255611.62461538462,255620.43692307692,20.43692307692254,否
IN0456,B6T0000001372,E1,1,1,1,20,深位,255720.0,255720.0,255729.35384615386,9.353846153855557,否
IN0456,B6T0000001372,E1,1,2,1,20,浅位,255720.0,255732.70769230768,255742.06153846154,22.061538461537566,否
IN0456,B6T0000001372,E1,1,2,1,20,深位,255720.0,255745.41538461536,255754.76923076922,34.769230769219575,否
IN0456,B6T0000001372,E1,1,1,2,34,深位,255720.0,255758.12307692305,255770.02461538458,50.0246153845801,否
IN0456,B6T0000001372,E1,1,1,1,36,浅位,255720.0,255775.9261538461,255787.83999999997,67.8399999999674,否
IN0456,B6T0000001372,E1,1,1,1,36,深位,255720.0,255793.75384615382,255805.66769230767,85.66769230767386,否
IN0456,B6T0000001372,E1,1,2,1,36,浅位,255720.0,255811.58153846153,255823.49538461538,103.49538461538032,否
IN0456,B6T0000001372,E1,1,2,5,29,深位,255720.0,255829.40923076923,255841.43384615384,121.43384615384275,否
IN0456,B6T0000001372,E1,1,1,4,31,深位,255720.0,255847.45846153845,255859.49538461538,139.49538461538032,否
IN0456,B6T0000001372,E1,1,2,8,24,深位,255720.0,255865.5323076923,255877.68,157.67999999999302,否
IN0456,B6T0000001372,E1,1,1,7,26,浅位,255720.0,255883.8276923077,255895.9876923077,175.98769230770995,否
IN0456,B6T0000001372,E1,1,1,1,40,浅位,255720.0,255902.1476923077,255914.70153846155,194.70153846155154,否
IN0364,B6T0000001117,E3,1,1,9,63,浅位,256980.0,256980.0,256998.84923076924,18.849230769235874,否
IN0364,B6T0000001117,E3,1,1,9,63,深位,256980.0,257011.69846153847,257030.5476923077,50.54769230770762,否
IN0364,B6T0000001117,E3,1,1,24,6,浅位,256980.0,257043.39692307694,257062.35692307694,82.35692307693535,否
IN0364,B6T0000001117,E3,1,1,24,6,深位,256980.0,257075.31692307696,257094.27692307695,114.27692307694815,否
IN0364,B6T0000001117,E3,1,2,24,6,浅位,256980.0,257107.23692307697,257126.19692307696,146.19692307696096,否
IN0364,B6T0000001117,E3,1,2,24,6,深位,256980.0,257139.15692307698,257158.11692307697,178.11692307697376,否
IN0364,B6T0000001117,E3,1,1,28,1,浅位,256980.0,257171.076923077,257191.69846153853,211.69846153852995,否
IN0364,B6T0000001117,E3,1,1,28,1,深位,256980.0,257206.32000000007,257226.9415384616,246.94153846160043,否
IN0364,B6T0000001117,E3,1,2,28,1,浅位,256980.0,257241.56307692314,257262.18461538467,282.1846153846709,否
IN0364,B6T0000001117,E3,1,2,14,59,浅位,256980.0,257276.8061538462,257298.09230769236,318.09230769236456,否
IN0364,B6T0000001117,E3,1,2,14,59,深位,256980.0,257313.37846153852,257334.66461538468,354.6646153846814,否
IN0364,B6T0000001117,E3,1,1,13,63,浅位,256980.0,257349.95076923084,257371.2615384616,391.2615384616074,否
IN0364,B6T0000001117,E3,1,1,13,63,深位,256980.0,257386.57230769238,257407.88307692314,427.88307692314265,否
IN0364,B6T0000001117,E3,1,2,13,63,浅位,256980.0,257423.1938461539,257444.50461538468,464.5046153846779,否
IN0364,B6T0000001117,E3,1,2,13,63,深位,256980.0,257459.81538461545,257481.1261538462,501.1261538462131,否
IN0364,B6T0000001117,E3,1,1,12,67,浅位,256980.0,257496.43692307698,257517.77230769236,537.7723076923576,否
IN0364,B6T0000001117,E3,1,1,12,67,深位,256980.0,257533.10769230776,257554.44307692314,574.4430769231403,否
IN0364,B6T0000001117,E3,1,2,12,67,浅位,256980.0,257569.77846153855,257591.11384615392,611.1138461539231,否
IN0173,B6T0000000504,E3,1,2,12,67,深位,257100.0,257606.44923076933,257627.7846153847,527.7846153847058,否
IN0173,B6T0000000504,E3,1,1,14,60,浅位,257100.0,257643.1200000001,257664.56615384627,564.5661538462737,否
IN0173,B6T0000000504,E3,1,1,14,60,深位,257100.0,257680.0123076924,257701.45846153857,601.4584615385684,否
IN0173,B6T0000000504,E3,1,2,14,60,浅位,257100.0,257716.9046153847,257738.35076923086,638.3507692308631,否
IN0173,B6T0000000504,E3,1,2,14,60,深位,257100.0,257753.796923077,257775.24307692316,675.2430769231578,否
IN0173,B6T0000000504,E3,1,1,13,64,浅位,257100.0,257790.6892307693,257812.16000000006,712.1600000000617,否
IN0631,B6T0000001890,E1,1,1,1,40,深位,257820.0,257827.63076923083,257840.18461538467,20.184615384670906,否
IN0631,B6T0000001890,E1,1,2,6,31,深位,257820.0,257846.73846153854,257859.39076923084,39.390769230842125,否
IN0173,B6T0000000504,E3,1,1,13,64,深位,257100.0,257866.04307692315,257887.51384615392,787.5138461539173,否
IN0173,B6T0000000504,E3,1,2,13,64,浅位,257100.0,257902.9846153847,257924.45538461546,824.4553846154595,否
IN0443,B6T0000001342,E1,1,1,3,39,深位,258660.0,258660.0,258673.00923076924,13.009230769239366,否
IN0443,B6T0000001342,E1,1,2,5,36,深位,258660.0,258680.01846153845,258693.16307692305,33.16307692305418,否
IN0443,B6T0000001342,E1,1,1,1,44,浅位,258660.0,258700.3076923077,258713.50153846154,53.501538461539894,否
IN0443,B6T0000001342,E1,1,1,1,44,深位,258660.0,258720.6953846154,258733.88923076924,73.88923076924402,否
IN0443,B6T0000001342,E1,1,2,1,46,深位,258660.0,258741.0830769231,258754.59692307696,94.59692307695514,否
IN0443,B6T0000001342,E1,1,2,8,33,深位,258660.0,258762.11076923079,258775.69846153847,115.69846153847175,否
IN0443,B6T0000001342,E1,1,2,7,35,深位,258660.0,258783.28615384616,258796.88615384616,136.88615384616423,否
IN0443,B6T0000001342,E1,1,2,8,34,深位,258660.0,258804.48615384617,258818.23384615386,158.2338461538602,否
IN0443,B6T0000001342,E1,1,2,3,44,深位,258660.0,258825.98153846155,258839.79076923078,179.7907692307781,否
IN0443,B6T0000001342,E1,1,1,6,39,深位,258660.0,258847.6,258861.5323076923,201.53230769230868,否
IN0443,B6T0000001342,E1,1,2,2,47,深位,258660.0,258869.4646153846,258883.44615384616,223.4461538461619,否
IN0443,B6T0000001342,E1,1,1,1,49,深位,258660.0,258891.42769230768,258905.42153846152,245.4215384615236,否
IN0443,B6T0000001342,E1,1,1,8,37,深位,258660.0,258913.41538461536,258927.64307692306,267.64307692306465,否
IN0443,B6T0000001342,E1,1,1,6,41,深位,258660.0,258935.87076923074,258950.12307692305,290.123076923046,否
IN0443,B6T0000001342,E1,1,1,6,42,深位,258660.0,258958.37538461536,258972.78769230767,312.7876923076692,否
IN0499,B6T0000001498,E1,1,1,1,52,浅位,258720.0,258981.19999999998,258995.67384615383,275.67384615383344,是
IN0499,B6T0000001498,E1,1,1,1,52,深位,258720.0,259057.37846153844,259071.8523076923,351.85230769228656,是
IN0219,B6T0000000635,E3,1,1,9,9,浅位,265200.0,265200.0,265210.20923076925,10.209230769251008,否
IN0219,B6T0000000635,E3,1,1,9,9,深位,265200.0,265214.41846153844,265224.6276923077,24.627692307694815,否
IN0219,B6T0000000635,E3,1,1,11,9,浅位,265200.0,265228.8369230769,265240.2769230769,40.27692307688994,否
IN0219,B6T0000000635,E3,1,1,11,9,深位,265200.0,265245.7169230769,265257.1569230769,57.1569230768946,否
IN0217,B6T0000000631,E3,1,2,11,9,浅位,269100.0,269100.0,269111.44,11.440000000002328,否
IN0217,B6T0000000631,E3,1,2,11,9,深位,269100.0,269116.88,269128.32,28.320000000006985,否
IN0217,B6T0000000631,E3,1,1,15,1,浅位,269100.0,269133.76,269146.38153846154,46.38153846154455,否
IN0217,B6T0000000631,E3,1,1,15,1,深位,269100.0,269153.0030769231,269165.6246153846,65.62461538461503,否
IN0217,B6T0000000631,E3,1,2,15,1,浅位,269100.0,269172.24615384615,269184.8676923077,84.8676923076855,否
IN0217,B6T0000000631,E3,1,2,15,1,深位,269100.0,269191.4892307692,269204.11076923076,104.11076923075598,否
IN0217,B6T0000000631,E3,1,2,9,33,浅位,269100.0,269210.7323076923,269224.7815384615,124.78153846150963,否
IN0217,B6T0000000631,E3,1,2,13,19,深位,269100.0,269232.8307692307,269247.1015384615,147.1015384615166,否
IN0217,B6T0000000631,E3,1,1,9,57,浅位,269100.0,269255.37230769225,269273.2615384615,173.261538461491,否
IN0217,B6T0000000631,E3,1,1,9,57,深位,269100.0,269285.15076923074,269303.04,203.03999999997905,否
IN0217,B6T0000000631,E3,1,1,20,17,浅位,269100.0,269314.9292307692,269333.1876923077,233.1876923076925,否
IN0217,B6T0000000631,E3,1,1,20,17,深位,269100.0,269345.44615384616,269363.70461538463,263.7046153846313,否
IN0217,B6T0000000631,E3,1,2,13,64,深位,269100.0,269375.9630769231,269397.43384615384,297.43384615384275,否
IN0217,B6T0000000631,E3,1,1,12,68,浅位,269100.0,269412.90461538464,269434.4,334.4000000000233,否
IN0217,B6T0000000631,E3,1,1,12,68,深位,269100.0,269449.8953846154,269471.3907692308,371.3907692307839,否
IN0217,B6T0000000631,E3,1,2,12,68,浅位,269100.0,269486.88615384616,269508.38153846154,408.38153846154455,否
IN0217,B6T0000000631,E3,1,2,12,68,深位,269100.0,269523.8769230769,269545.3723076923,445.3723076923052,否
IN0217,B6T0000000631,E3,1,1,29,3,浅位,269100.0,269560.8676923077,269582.4246153846,482.4246153846034,否
IN0217,B6T0000000631,E3,1,1,29,3,深位,269100.0,269597.9815384615,269619.53846153844,519.5384615384392,否
IN0217,B6T0000000631,E3,1,2,29,3,浅位,269100.0,269635.09538461536,269656.6523076923,556.6523076922749,否
IN0217,B6T0000000631,E3,1,2,29,3,深位,269100.0,269672.2092307692,269693.7661538461,593.7661538461107,否
IN0080,B6T0000000221,E4,1,1,43,1,浅位,284640.0,284640.0,284669.9292307692,29.929230769223068,否
IN0080,B6T0000000221,E4,1,1,43,1,深位,284640.0,284693.85846153845,284723.78769230767,83.7876923076692,否
IN0080,B6T0000000221,E4,1,2,43,1,浅位,284640.0,284747.7169230769,284777.6461538461,137.64615384611534,否
IN0080,B6T0000000221,E4,1,2,43,1,深位,284640.0,284801.57538461534,284831.50461538456,191.50461538456148,否
IN0214,B6T0000000622,E3,1,1,9,17,浅位,287340.0,287340.0,287351.4892307692,11.48923076922074,否
IN0214,B6T0000000622,E3,1,1,9,17,深位,287340.0,287356.97846153844,287368.46769230766,28.46769230766222,否
IN0214,B6T0000000622,E3,1,2,20,30,浅位,287340.0,287373.9569230769,287394.29538461537,54.295384615368675,否
IN0284,B6T0000000858,E3,1,1,9,26,浅位,288600.0,288600.0,288612.9292307692,12.929230769223068,否
IN0284,B6T0000000858,E3,1,1,9,26,深位,288600.0,288619.85846153845,288632.78769230767,32.787692307669204,否
IN0284,B6T0000000858,E3,1,2,9,26,浅位,288600.0,288639.7169230769,288652.6461538461,52.64615384611534,否
IN0157,B6T0000000457,E3,1,2,9,26,深位,288660.0,288660.0,288672.9292307692,12.929230769223068,否
IN0157,B6T0000000457,E3,1,2,20,30,深位,288660.0,288679.85846153845,288700.19692307693,40.19692307693185,否
IN0157,B6T0000000457,E3,1,1,15,57,浅位,288660.0,288714.53538461536,288736.1169230769,76.11692307691555,否
IN0157,B6T0000000457,E3,1,1,15,57,深位,288660.0,288751.6984615384,288773.27999999997,113.27999999996973,否
IN0530,B6T0000001576,E1,1,2,2,1,深位,301800.0,301800.0,301806.62153846154,6.621538461535238,否
IN0530,B6T0000001576,E1,1,2,1,4,深位,301800.0,301807.24307692307,301814.0369230769,14.036923076899257,否
IN0176,B6T0000000508,E3,1,1,9,16,浅位,308700.0,308700.0,308711.32923076925,11.329230769246351,否
IN0176,B6T0000000508,E3,1,1,9,16,深位,308700.0,308716.65846153843,308727.9876923077,27.987692307680845,否
IN0176,B6T0000000508,E3,1,2,9,16,浅位,308700.0,308733.31692307687,308744.6461538461,44.64615384611534,否
IN0176,B6T0000000508,E3,1,2,9,16,深位,308700.0,308749.9753846153,308761.30461538455,61.304615384549834,否
IN0176,B6T0000000508,E3,1,1,15,43,浅位,308700.0,308766.63384615374,308785.9753846153,85.97538461530348,否
IN0176,B6T0000000508,E3,1,1,15,43,深位,308700.0,308799.3169230768,308818.6584615384,118.65846153837629,否
IN0176,B6T0000000508,E3,1,2,15,57,浅位,308700.0,308831.9999999999,308853.58153846144,153.58153846143978,否
IN0176,B6T0000000508,E3,1,2,15,57,深位,308700.0,308869.16307692294,308890.7446153845,190.74461538449395,否
IN0176,B6T0000000508,E3,1,1,14,61,浅位,308700.0,308906.326153846,308927.9323076921,227.93230769212823,否
IN0176,B6T0000000508,E3,1,1,14,61,深位,308700.0,308943.5384615383,308965.14461538446,265.14461538445903,否
IN0176,B6T0000000508,E3,1,2,14,61,浅位,308700.0,308980.75076923065,309002.3569230768,302.3569230767898,否
IN0176,B6T0000000508,E3,1,2,14,61,深位,308700.0,309017.963076923,309039.5692307691,339.5692307691206,否
IN0176,B6T0000000508,E3,1,1,13,65,浅位,308700.0,309055.1753846153,309076.8061538461,376.8061538460897,否
IN0176,B6T0000000508,E3,1,1,13,65,深位,308700.0,309092.43692307686,309114.06769230764,414.06769230763894,否
IN0176,B6T0000000508,E3,1,2,13,65,浅位,308700.0,309129.6984615384,309151.3292307692,451.32923076918814,否
IN0176,B6T0000000508,E3,1,2,13,65,深位,308700.0,309166.95999999996,309188.59076923074,488.59076923073735,否
IN0176,B6T0000000508,E3,1,1,15,58,浅位,308700.0,309204.2215384615,309225.96307692304,525.9630769230425,否
IN0176,B6T0000000508,E3,1,1,15,58,深位,308700.0,309241.7046153846,309263.4461538461,563.4461538461037,否
IN0176,B6T0000000508,E3,1,2,15,58,浅位,308700.0,309279.18769230763,309300.92923076916,600.9292307691649,否
IN0176,B6T0000000508,E3,1,2,15,58,深位,308700.0,309316.6707692307,309338.4123076922,638.412307692226,否
IN0176,B6T0000000508,E3,1,1,14,62,浅位,308700.0,309354.15384615376,309375.9199999999,675.9199999999255,否
IN0176,B6T0000000508,E3,1,1,14,62,深位,308700.0,309391.68615384604,309413.4523076922,713.4523076922051,否
IN0176,B6T0000000508,E3,1,2,14,62,浅位,308700.0,309429.2184615383,309450.9846153845,750.9846153844846,否
IN0176,B6T0000000508,E3,1,2,14,62,深位,308700.0,309466.7507692306,309488.51692307676,788.5169230767642,否
IN0176,B6T0000000508,E3,1,1,13,66,浅位,308700.0,309504.2830769229,309526.0738461536,826.0738461536239,否
IN0176,B6T0000000508,E3,1,1,13,66,深位,308700.0,309541.86461538443,309563.6553846152,863.6553846151801,否
IN0176,B6T0000000508,E3,1,2,13,66,浅位,308700.0,309579.446153846,309601.23692307674,901.2369230767363,否
IN0176,B6T0000000508,E3,1,2,13,66,深位,308700.0,309617.02769230754,309638.8184615383,938.8184615382925,否
IN0176,B6T0000000508,E3,1,1,15,59,浅位,308700.0,309654.6092307691,309676.51076923066,976.5107692306628,否
IN0176,B6T0000000508,E3,1,1,15,59,深位,308700.0,309692.41230769217,309714.31384615373,1014.313846153731,否
IN0176,B6T0000000508,E3,1,2,15,59,浅位,308700.0,309730.21538461524,309752.1169230768,1052.1169230767991,是
IN0176,B6T0000000508,E3,1,2,15,59,深位,308700.0,309774.0184615383,309795.91999999987,1095.9199999998673,是
IN0176,B6T0000000508,E3,1,1,14,63,浅位,308700.0,309817.8215384614,309839.7476923075,1139.7476923075155,是
IN0176,B6T0000000508,E3,1,1,14,63,深位,308700.0,309861.67384615366,309883.5999999998,1183.599999999802,是
IN0176,B6T0000000508,E3,1,1,14,4,浅位,308700.0,309905.52615384595,309918.0123076921,1218.0123076920863,否
IN0176,B6T0000000508,E3,1,2,14,63,浅位,308700.0,309924.4984615382,309946.42461538437,1246.4246153843706,否
IN0176,B6T0000000508,E3,1,2,14,63,深位,308700.0,309962.3507692305,309984.27692307666,1284.276923076657,否
IN0176,B6T0000000508,E3,1,2,27,13,深位,308700.0,310000.2030769228,310022.12923076894,1322.1292307689437,否
IN0513,B6T0000001537,E1,1,1,2,10,浅位,313260.0,313260.0,313268.06153846154,8.061538461537566,否
IN0513,B6T0000001537,E1,1,1,2,10,深位,313260.0,313270.1230769231,313278.1846153846,18.184615384612698,否
IN0513,B6T0000001537,E1,1,2,2,10,浅位,313260.0,313280.24615384615,313288.3076923077,28.30769230768783,否
IN0513,B6T0000001537,E1,1,2,2,10,深位,313260.0,313290.3692307692,313298.43076923076,38.43076923076296,否
IN0513,B6T0000001537,E1,1,1,4,7,浅位,313260.0,313300.4923076923,313308.68923076923,48.68923076923238,否
IN0513,B6T0000001537,E1,1,1,4,7,深位,313260.0,313310.88615384616,313319.0830769231,59.08307692309609,否
IN0609,B6T0000001808,E1,1,1,2,4,深位,315780.0,315780.0,315787.1015384615,7.101538461516611,否
IN0609,B6T0000001808,E1,1,2,2,4,浅位,315780.0,315788.2030769231,315795.3046153846,15.304615384608041,否
IN0609,B6T0000001808,E1,1,2,2,4,深位,315780.0,315796.4061538462,315803.5076923077,23.50769230769947,否
IN0360,B6T0000001107,E3,1,1,10,8,浅位,317760.0,317760.0,317770.6646153846,10.664615384594072,否
IN0360,B6T0000001107,E3,1,1,10,8,深位,317760.0,317775.32923076925,317785.99384615384,25.993846153840423,否
IN0360,B6T0000001107,E3,1,2,10,8,浅位,317760.0,317790.6584615385,317801.3230769231,41.323076923086774,否
IN0360,B6T0000001107,E3,1,2,10,8,深位,317760.0,317805.98769230774,317816.65230769233,56.652307692333125,否
IN0360,B6T0000001107,E3,1,1,13,6,浅位,317760.0,317821.316923077,317833.50769230776,73.50769230775768,否
IN0360,B6T0000001107,E3,1,1,13,6,深位,317760.0,317839.69846153853,317851.8892307693,91.88923076930223,否
IN0360,B6T0000001107,E3,1,2,13,6,浅位,317760.0,317858.0800000001,317870.27076923085,110.27076923084678,否
IN0360,B6T0000001107,E3,1,2,13,6,深位,317760.0,317876.4615384616,317888.6523076924,128.65230769239133,否
IN0504,B6T0000001516,E1,1,2,4,7,浅位,342420.0,342420.0,342428.19692307693,8.196923076931853,否
IN0504,B6T0000001516,E1,1,2,4,7,深位,342420.0,342430.39384615386,342438.5907692308,18.59076923079556,否
IN0504,B6T0000001516,E1,1,2,7,3,浅位,342420.0,342440.7876923077,342449.2676923077,29.267692307708785,否
IN0504,B6T0000001516,E1,1,2,7,3,深位,342420.0,342451.74769230775,342460.22769230773,40.22769230772974,否
IN0504,B6T0000001516,E1,1,2,4,10,深位,342420.0,342462.70769230777,342471.3846153847,51.38461538468255,否
IN0504,B6T0000001516,E1,1,1,3,13,深位,342420.0,342474.0615384616,342482.9107692308,62.91076923080254,否
IN0421,B6T0000001287,E3,1,1,18,5,浅位,344280.0,344280.0,344295.1076923077,15.107692307676189,否
IN0421,B6T0000001287,E3,1,1,18,5,深位,344280.0,344304.2153846154,344319.3230769231,39.323076923086774,否
IN0563,B6T0000001671,E1,1,1,8,4,深位,344700.0,344700.0,344708.9476923077,8.9476923077018,否
IN0563,B6T0000001671,E1,1,1,4,12,深位,344700.0,344711.8953846154,344720.8923076923,20.89230769232381,否
IN0563,B6T0000001671,E1,1,2,6,10,深位,344700.0,344723.88923076924,344733.18153846153,33.18153846153291,否
IN0563,B6T0000001671,E1,1,1,1,24,浅位,344700.0,344736.4738461539,344746.4676923077,46.46769230772043,否
IN0563,B6T0000001671,E1,1,1,1,24,深位,344700.0,344750.46153846156,344760.4553846154,60.45538461540127,否
IN0563,B6T0000001671,E1,1,2,1,24,浅位,344700.0,344764.44923076924,344774.4430769231,74.44307692308212,否
IN0563,B6T0000001671,E1,1,2,1,24,深位,344700.0,344778.4369230769,344788.43076923076,88.43076923076296,否
IN0563,B6T0000001671,E1,1,1,2,24,浅位,344700.0,344792.4246153846,344802.72615384613,102.72615384613164,否
IN0563,B6T0000001671,E1,1,1,2,24,深位,344700.0,344807.02769230766,344817.3292307692,117.32923076918814,否
IN0563,B6T0000001671,E1,1,2,2,24,浅位,344700.0,344821.6307692307,344831.93230769224,131.93230769224465,否
IN0563,B6T0000001671,E1,1,2,2,24,深位,344700.0,344836.2338461538,344846.5353846153,146.53538461530115,否
IN0563,B6T0000001671,E1,1,1,8,22,浅位,344700.0,344850.83692307683,344862.66461538454,162.66461538453586,否
IN0563,B6T0000001671,E1,1,1,8,22,深位,344700.0,344868.49230769224,344880.31999999995,180.31999999994878,否
IN0563,B6T0000001671,E1,1,2,4,31,浅位,344700.0,344886.14769230766,344898.18461538455,198.1846153845545,否
IN0563,B6T0000001671,E1,1,2,4,31,深位,344700.0,344904.2215384615,344916.2584615384,216.2584615384112,否
IN0563,B6T0000001671,E1,1,1,2,42,浅位,344700.0,344922.29538461537,344935.4769230769,235.47692307690158,否
IN0563,B6T0000001671,E1,1,1,2,42,深位,344700.0,344942.65846153843,344955.83999999997,255.8399999999674,否
IN0612,B6T0000001817,E1,1,1,1,6,浅位,346380.0,346380.0,346387.11384615384,7.113846153835766,否
IN0612,B6T0000001817,E1,1,1,1,6,深位,346380.0,346388.2276923077,346395.3415384615,15.341538461507298,否
IN0612,B6T0000001817,E1,1,2,1,6,浅位,346380.0,346396.45538461534,346403.5692307692,23.56923076917883,否
IN0612,B6T0000001817,E1,1,2,1,6,深位,346380.0,346404.683076923,346411.79692307685,31.796923076850362,否
IN0612,B6T0000001817,E1,1,1,1,18,深位,346380.0,346412.9107692307,346421.9446153845,41.944615384505596,否
IN0612,B6T0000001817,E1,1,2,1,18,浅位,346380.0,346424.9784615384,346434.0123076922,54.01230769220274,否
IN0612,B6T0000001817,E1,1,2,1,18,深位,346380.0,346437.0461538461,346446.0799999999,66.07999999989988,否
IN0612,B6T0000001817,E1,1,1,9,27,浅位,346380.0,346449.1138461538,346462.20307692303,82.20307692303322,否
IN0425,B6T0000001298,E3,1,1,9,27,深位,358740.0,358740.0,358753.08923076926,13.089230769255664,否
IN0425,B6T0000001298,E3,1,2,9,27,浅位,358740.0,358760.17846153845,358773.2676923077,33.267692307708785,否
IN0425,B6T0000001298,E3,1,2,9,27,深位,358740.0,358780.3569230769,358793.44615384616,53.446153846161906,否
IN0425,B6T0000001298,E3,1,1,16,4,深位,358740.0,358800.53538461536,358814.2523076923,74.25230769230984,否
IN0425,B6T0000001298,E3,1,2,16,4,浅位,358740.0,358821.9692307692,358835.68615384615,95.68615384615259,否
IN0425,B6T0000001298,E3,1,2,16,4,深位,358740.0,358843.40307692304,358857.12,117.11999999999534,否
IN0558,B6T0000001657,E1,1,1,1,10,浅位,361200.0,361200.0,361207.75384615385,7.753846153849736,否
IN0558,B6T0000001657,E1,1,1,1,10,深位,361200.0,361209.5076923077,361217.26153846155,17.261538461549208,否
IN0239,B6T0000000696,E3,1,1,18,5,浅位,361560.0,361560.0,361575.1076923077,15.107692307676189,否
IN0239,B6T0000000696,E3,1,1,18,5,深位,361560.0,361584.2153846154,361599.3230769231,39.323076923086774,否
IN0239,B6T0000000696,E3,1,2,12,52,浅位,361560.0,361608.4307692308,361627.3661538462,67.36615384620382,否
IN0252,B6T0000000741,E3,1,2,12,52,深位,364920.0,364920.0,364938.9353846154,18.935384615382645,否
IN0252,B6T0000000741,E3,1,1,13,67,浅位,364920.0,364951.87076923077,364973.82153846155,53.82153846154688,否
IN0437,B6T0000001327,E1,1,2,1,10,浅位,369900.0,369900.0,369907.75384615385,7.753846153849736,否
IN0437,B6T0000001327,E1,1,2,1,10,深位,369900.0,369909.5076923077,369917.26153846155,17.261538461549208,否
IN0437,B6T0000001327,E1,1,1,5,8,浅位,369900.0,369919.0153846154,369927.68,27.679999999993015,否
IN0437,B6T0000001327,E1,1,1,5,8,深位,369900.0,369930.34461538465,369939.00923076924,39.009230769239366,否
IN0437,B6T0000001327,E1,1,1,1,19,浅位,369900.0,369941.6738461539,369950.86769230774,50.86769230774371,否
IN0437,B6T0000001327,E1,1,1,1,19,深位,369900.0,369954.0615384616,369963.25538461545,63.25538461544784,否
IN0437,B6T0000001327,E1,1,2,1,19,浅位,369900.0,369966.4492307693,369975.64307692315,75.64307692315197,否
IN0437,B6T0000001327,E1,1,2,1,19,深位,369900.0,369978.836923077,369988.03076923086,88.0307692308561,否
IN0437,B6T0000001327,E1,1,2,9,13,深位,369900.0,369991.2246153847,370002.0738461539,102.07384615391493,否
IN0437,B6T0000001327,E1,1,1,9,16,浅位,369900.0,370006.9230769232,370018.2523076924,118.25230769242626,否
IN0358,B6T0000001103,E3,1,1,9,16,深位,370380.0,370380.0,370391.32923076925,11.329230769246351,否
IN0358,B6T0000001103,E3,1,2,9,16,浅位,370380.0,370396.65846153843,370407.9876923077,27.987692307680845,否
IN0358,B6T0000001103,E3,1,2,9,16,深位,370380.0,370413.31692307687,370424.6461538461,44.64615384611534,否
IN0358,B6T0000001103,E3,1,1,14,4,浅位,370380.0,370429.9753846153,370442.46153846144,62.461538461444434,否
IN0358,B6T0000001103,E3,1,1,19,2,浅位,370380.0,370448.9476923076,370464.19076923066,84.19076923065586,否
IN0358,B6T0000001103,E3,1,1,19,2,深位,370380.0,370473.4338461537,370488.6769230768,108.67692307679681,否
IN0358,B6T0000001103,E3,1,2,19,2,浅位,370380.0,370497.91999999987,370513.16307692294,133.16307692293776,否
IN0358,B6T0000001103,E3,1,2,19,2,深位,370380.0,370522.406153846,370537.6492307691,157.6492307690787,否
IN0358,B6T0000001103,E3,1,1,13,67,深位,370380.0,370546.89230769215,370568.84307692293,188.84307692293078,否
IN0358,B6T0000001103,E3,1,2,13,67,浅位,370380.0,370584.7938461537,370606.7446153845,226.74461538449395,否
IN0358,B6T0000001103,E3,1,2,13,67,深位,370380.0,370622.6953846153,370644.64615384606,264.64615384605713,否
IN0358,B6T0000001103,E3,1,2,25,21,深位,370380.0,370660.59692307684,370682.5723076922,302.5723076922004,否
IN0358,B6T0000001103,E3,1,1,16,56,浅位,370380.0,370698.5476923076,370720.5846153845,340.58461538451957,否
IN0358,B6T0000001103,E3,1,1,16,56,深位,370380.0,370736.6215384615,370758.6584615384,378.6584615383763,否
IN0358,B6T0000001103,E3,1,2,16,56,浅位,370380.0,370774.69538461533,370796.73230769223,416.732307692233,否
IN0358,B6T0000001103,E3,1,2,16,56,深位,370380.0,370812.7692307692,370834.8061538461,454.8061538460897,否
IN0358,B6T0000001103,E3,1,1,15,60,浅位,370380.0,370850.84307692305,370872.9046153846,492.90461538458476,否
IN0358,B6T0000001103,E3,1,1,15,60,深位,370380.0,370888.9661538461,370911.02769230766,531.0276923076599,否
IN0358,B6T0000001103,E3,1,2,15,60,浅位,370380.0,370927.0892307692,370949.15076923074,569.150769230735,否
IN0358,B6T0000001103,E3,1,2,15,60,深位,370380.0,370965.2123076923,370987.2738461538,607.2738461538102,否
IN0358,B6T0000001103,E3,1,1,14,64,浅位,370380.0,371003.33538461535,371025.4215384615,645.4215384615236,否
IN0358,B6T0000001103,E3,1,1,14,64,深位,370380.0,371041.50769230764,371063.5938461538,683.5938461538171,是
IN0358,B6T0000001103,E3,1,1,20,34,浅位,370380.0,371093.06461538456,371114.043076923,734.0430769230006,是
IN0358,B6T0000001103,E3,1,1,20,34,深位,370380.0,371135.0215384615,371155.99999999994,775.9999999999418,否
IN0207,B6T0000000607,E3,1,1,14,4,深位,377220.0,377220.0,377232.48615384614,12.486153846140951,否
IN0207,B6T0000000607,E3,1,2,14,4,浅位,377220.0,377238.9723076923,377251.4584615384,31.458461538422853,否
IN0244,B6T0000000716,E3,1,2,14,4,深位,377400.0,377400.0,377412.48615384614,12.486153846140951,否
IN0244,B6T0000000716,E3,1,1,16,13,浅位,377400.0,377418.9723076923,377434.1292307692,34.1292307691765,否
IN0244,B6T0000000716,E3,1,1,16,13,深位,377400.0,377443.28615384613,377458.443076923,58.44307692302391,否
IN0244,B6T0000000716,E3,1,2,16,13,浅位,377400.0,377467.6,377482.7569230769,82.75692307687132,否
IN0244,B6T0000000716,E3,1,2,14,64,浅位,377400.0,377491.9138461538,377514.0,114.0,否
IN0244,B6T0000000716,E3,1,2,14,64,深位,377400.0,377530.0861538461,377552.1723076923,152.17230769229354,否
IN0244,B6T0000000716,E3,1,1,13,68,浅位,377400.0,377568.2584615384,377590.36923076917,190.3692307691672,否
IN0244,B6T0000000716,E3,1,1,13,68,深位,377400.0,377606.4799999999,377628.5907692307,228.59076923067914,否
IN0244,B6T0000000716,E3,1,2,13,68,浅位,377400.0,377644.70153846144,377666.8123076922,266.8123076921911,否
IN0244,B6T0000000716,E3,1,2,13,68,深位,377400.0,377682.92307692295,377705.0338461537,305.03384615370305,否
IN0244,B6T0000000716,E3,1,1,16,57,浅位,377400.0,377721.14461538446,377743.3415384614,343.3415384613909,否
IN0115,B6T0000000330,E3,1,1,12,23,浅位,396660.0,396660.0,396674.29538461537,14.295384615368675,否
IN0115,B6T0000000330,E3,1,1,12,23,深位,396660.0,396682.5907692308,396696.88615384616,36.886153846164234,否
IN0115,B6T0000000330,E3,1,2,12,23,浅位,396660.0,396705.1815384616,396719.47692307696,59.47692307695979,否
IN0058,B6T0000000154,E4,1,1,43,2,浅位,400980.0,400980.0,401010.08923076926,30.089230769255664,否
IN0058,B6T0000000154,E4,1,1,43,2,深位,400980.0,401034.17846153845,401064.2676923077,84.26769230770878,否
IN0058,B6T0000000154,E4,1,1,43,7,深位,400980.0,401088.3569230769,401119.24615384615,139.24615384615026,否
IN0058,B6T0000000154,E4,1,2,45,5,浅位,400980.0,401144.1353846154,401176.24307692307,196.24307692307048,否
IN0058,B6T0000000154,E4,1,2,45,5,深位,400980.0,401202.3507692308,401234.4584615385,254.45846153848106,否
IN0058,B6T0000000154,E4,1,1,46,5,浅位,400980.0,401260.5661538462,401293.44307692314,313.4430769231403,否
IN0058,B6T0000000154,E4,1,1,46,5,深位,400980.0,401320.32000000007,401353.196923077,373.19692307699006,否
IN0058,B6T0000000154,E4,1,2,46,5,浅位,400980.0,401380.0738461539,401412.95076923084,432.9507692308398,否
IN0058,B6T0000000154,E4,1,2,46,5,深位,400980.0,401439.82769230776,401472.7046153847,492.70461538468953,否
IN0058,B6T0000000154,E4,1,2,43,24,浅位,400980.0,401499.5815384616,401533.19076923083,553.1907692308305,是
IN0058,B6T0000000154,E4,1,2,43,24,深位,400980.0,401566.8000000001,401600.4092307693,620.4092307693209,是
IN0058,B6T0000000154,E4,1,2,44,21,浅位,400980.0,401634.0184615386,401667.9169230771,687.9169230770785,是
IN0058,B6T0000000154,E4,1,2,44,21,深位,400980.0,401701.8153846155,401735.713846154,755.7138461539871,是
IN0058,B6T0000000154,E4,1,1,43,27,浅位,400980.0,401769.6123076924,401803.70153846167,823.701538461668,是
IN0058,B6T0000000154,E4,1,1,43,27,深位,400980.0,401837.79076923087,401871.8800000001,891.8800000001211,是
IN0058,B6T0000000154,E4,1,2,43,27,浅位,400980.0,401905.9692307693,401940.0584615386,960.0584615385742,是
IN0058,B6T0000000154,E4,1,1,45,20,浅位,400980.0,401974.1476923078,402008.6553846155,1028.6553846154711,是
IN0058,B6T0000000154,E4,1,1,45,20,深位,400980.0,402043.16307692317,402077.67076923087,1097.67076923087,是
IN0058,B6T0000000154,E4,1,2,45,20,浅位,400980.0,402112.17846153857,402146.68615384627,1166.686153846269,否
IN0058,B6T0000000154,E4,1,2,45,20,深位,400980.0,402175.19384615397,402209.70153846167,1229.701538461668,否
IN0058,B6T0000000154,E4,1,2,49,1,浅位,400980.0,402238.20923076937,402272.75384615397,1292.7538461539662,是
IN0058,B6T0000000154,E4,1,2,49,1,深位,400980.0,402307.9384615386,402342.4830769232,1362.4830769231776,是
IN0058,B6T0000000154,E4,1,1,43,31,浅位,400980.0,402377.6676923078,402412.396923077,1432.3969230770017,是
IN0058,B6T0000000154,E4,1,1,43,31,深位,400980.0,402447.1261538463,402481.8553846155,1501.8553846154828,是
IN0058,B6T0000000154,E4,1,1,46,18,浅位,400980.0,402516.58461538475,402551.5415384617,1571.5415384616936,否
IN0058,B6T0000000154,E4,1,1,46,18,深位,400980.0,402580.4984615386,402615.4553846155,1635.4553846155177,否
IN0058,B6T0000000154,E4,1,1,46,20,浅位,400980.0,402644.4123076924,402679.68923076935,1699.6892307693488,否
IN0058,B6T0000000154,E4,1,1,46,20,深位,400980.0,402708.96615384624,402744.2430769232,1764.243076923187,否
IN0058,B6T0000000154,E4,1,2,46,20,浅位,400980.0,402773.5200000001,402808.796923077,1828.796923077025,否
IN0058,B6T0000000154,E4,1,1,43,35,浅位,400980.0,402838.0738461539,402873.44307692314,1893.4430769231403,否
IN0058,B6T0000000154,E4,1,1,43,35,深位,400980.0,402902.81230769237,402938.1815384616,1958.1815384615911,否
IN0058,B6T0000000154,E4,1,1,46,21,浅位,400980.0,402967.5507692308,403002.98769230774,2022.987692307739,否
IN0058,B6T0000000154,E4,1,1,43,37,浅位,400980.0,403032.42461538466,403068.1138461539,2088.113846153894,否
IN0058,B6T0000000154,E4,1,1,43,37,深位,400980.0,403097.8030769231,403133.49230769236,2153.4923076923587,否
IN0058,B6T0000000154,E4,1,1,43,41,浅位,400980.0,403163.1815384616,403199.51076923084,2219.5107692308375,否
IN0058,B6T0000000154,E4,1,1,43,41,深位,400980.0,403229.84,403266.1692307693,2286.169230769272,否
IN0058,B6T0000000154,E4,1,2,44,50,深位,400980.0,403296.49846153846,403335.0369230769,2355.0369230768993,否
IN0058,B6T0000000154,E4,1,1,43,55,浅位,400980.0,403367.5753846154,403406.14461538463,2426.1446153846337,否
IN0058,B6T0000000154,E4,1,1,43,55,深位,400980.0,403438.71384615387,403477.2830769231,2497.2830769231077,否
IN0058,B6T0000000154,E4,1,2,43,55,浅位,400980.0,403509.85230769234,403548.4215384616,2568.421538461582,否
IN0058,B6T0000000154,E4,1,2,43,55,深位,400980.0,403580.9907692308,403619.56000000006,2639.560000000056,否
IN0058,B6T0000000154,E4,1,1,45,46,浅位,400980.0,403652.1292307693,403690.79692307697,2710.796923076967,否
IN0058,B6T0000000154,E4,1,1,45,46,深位,400980.0,403723.4646153847,403762.1323076924,2782.1323076923727,否
IN0058,B6T0000000154,E4,1,2,45,46,浅位,400980.0,403794.8000000001,403833.4676923078,2853.4676923077786,否
IN0370,B6T0000001131,E3,1,1,9,3,浅位,404040.0,404040.0,404049.24923076923,9.249230769230053,否
IN0370,B6T0000001131,E3,1,1,9,3,深位,404040.0,404052.49846153846,404061.7476923077,21.74769230769016,否
IN0370,B6T0000001131,E3,1,2,9,3,浅位,404040.0,404064.9969230769,404074.24615384615,34.246153846150264,否
IN0610,B6T0000001811,E1,1,2,5,2,浅位,404220.0,404220.0,404227.70461538463,7.704615384631325,否
IN0610,B6T0000001811,E1,1,2,5,2,深位,404220.0,404229.4092307692,404237.11384615384,17.113846153835766,否
IN0610,B6T0000001811,E1,1,2,9,3,深位,404220.0,404238.8184615384,404248.06769230764,28.067692307638936,否
IN0610,B6T0000001811,E1,1,1,9,4,浅位,404220.0,404251.31692307687,404260.7261538461,40.72615384607343,否
IN0610,B6T0000001811,E1,1,1,9,4,深位,404220.0,404264.13538461534,404273.54461538454,53.54461538454052,否
IN0610,B6T0000001811,E1,1,2,9,4,浅位,404220.0,404276.9538461538,404286.363076923,66.36307692300761,否
IN0610,B6T0000001811,E1,1,2,9,4,深位,404220.0,404289.77230769227,404299.1815384615,79.1815384614747,否
IN0156,B6T0000000456,E3,1,1,9,10,浅位,404220.0,404302.59076923074,404312.95999999996,92.95999999996275,否
IN0156,B6T0000000456,E3,1,1,9,10,深位,404220.0,404317.3292307692,404327.6984615384,107.69846153841354,否
IN0156,B6T0000000456,E3,1,2,9,17,浅位,404220.0,404332.06769230764,404343.55692307686,123.55692307685968,否
IN0428,B6T0000001301,E3,1,2,9,17,深位,405180.0,405180.0,405191.4892307692,11.48923076922074,否
IN0428,B6T0000001301,E3,1,1,15,13,浅位,405180.0,405196.97846153844,405211.51999999996,31.51999999996042,否
IN0428,B6T0000001301,E3,1,1,15,13,深位,405180.0,405220.06153846154,405234.60307692306,54.603076923056506,否
IN0428,B6T0000001301,E3,1,2,15,13,浅位,405180.0,405243.14461538463,405257.68615384615,77.68615384615259,否
IN0428,B6T0000001301,E3,1,2,15,13,深位,405180.0,405266.22769230773,405280.76923076925,100.76923076924868,否
IN0428,B6T0000001301,E3,1,1,17,7,浅位,405180.0,405289.3107692308,405304.12307692313,124.12307692313334,否
IN0428,B6T0000001301,E3,1,1,17,7,深位,405180.0,405312.93538461544,405327.74769230775,147.74769230774837,否
IN0428,B6T0000001301,E3,1,1,20,3,深位,405180.0,405336.56000000006,405352.57846153853,172.5784615385346,否
IN0428,B6T0000001301,E3,1,2,20,3,浅位,405180.0,405362.59692307696,405378.61538461543,198.61538461543387,否
IN0428,B6T0000001301,E3,1,2,20,3,深位,405180.0,405388.63384615385,405404.65230769233,224.65230769233312,否
IN0428,B6T0000001301,E3,1,1,15,23,深位,405180.0,405414.67076923075,405430.8123076923,250.8123076923075,否
IN0428,B6T0000001301,E3,1,1,16,57,深位,405180.0,405440.9538461538,405463.15076923074,283.150769230735,否
IN0428,B6T0000001301,E3,1,2,16,57,浅位,405180.0,405479.34769230767,405501.5446153846,321.5446153845987,否
IN0428,B6T0000001301,E3,1,2,16,57,深位,405180.0,405517.74153846153,405539.93846153846,359.93846153846243,否
IN0428,B6T0000001301,E3,1,1,15,61,浅位,405180.0,405556.1353846154,405578.3569230769,398.35692307690624,否
IN0428,B6T0000001301,E3,1,1,15,61,深位,405180.0,405594.5784615385,405616.8,436.79999999998836,否
IN0428,B6T0000001301,E3,1,2,15,61,浅位,405180.0,405633.02153846156,405655.24307692307,475.2430769230705,否
IN0428,B6T0000001301,E3,1,2,15,61,深位,405180.0,405671.46461538464,405693.68615384615,513.6861538461526,否
IN0428,B6T0000001301,E3,1,1,14,65,浅位,405180.0,405709.9076923077,405732.1538461539,552.153846153873,否
IN0428,B6T0000001301,E3,1,1,14,65,深位,405180.0,405748.4,405770.6461538462,590.6461538461735,否
IN0428,B6T0000001301,E3,1,2,14,65,浅位,405180.0,405786.8923076923,405809.1384615385,629.1384615384741,否
IN0428,B6T0000001301,E3,1,2,14,65,深位,405180.0,405825.3846153846,405847.6307692308,667.6307692307746,否
IN0428,B6T0000001301,E3,1,1,16,58,浅位,405180.0,405863.8769230769,405886.23384615383,706.2338461538311,否
IN0128,B6T0000000375,E3,1,1,16,58,深位,405180.0,405902.5907692308,405924.9476923077,744.9476923077018,否
IN0128,B6T0000000375,E3,1,2,16,58,浅位,405180.0,405941.30461538467,405963.6615384616,783.6615384615725,否
IN0128,B6T0000000375,E3,1,2,16,58,深位,405180.0,405980.01846153854,406002.37538461544,822.3753846154432,否
IN0646,B6T0000001955,E1,1,1,4,47,深位,429120.0,429120.0,429134.5969230769,14.596923076896928,否
IN0646,B6T0000001955,E1,1,2,2,51,深位,429120.0,429143.19384615385,429157.8153846154,37.8153846153873,否
IN0646,B6T0000001955,E1,1,1,8,41,深位,429120.0,429166.4369230769,429181.3046153846,61.30461538460804,否
IN0646,B6T0000001955,E1,1,1,7,44,深位,429120.0,429190.1723076923,429205.2123076923,85.21230769227259,否
IN0646,B6T0000001955,E1,1,1,4,50,深位,429120.0,429214.2523076923,429229.32923076925,109.32923076924635,否
IN0646,B6T0000001955,E1,1,2,5,50,深位,429120.0,429238.4061538462,429253.7907692308,133.7907692308072,否
IN0646,B6T0000001955,E1,1,2,4,52,深位,429120.0,429263.17538461543,429278.5723076924,158.57230769237503,否
IN0646,B6T0000001955,E1,1,1,4,53,浅位,429120.0,429287.96923076926,429303.5261538462,183.5261538461782,否
IN0646,B6T0000001955,E1,1,1,4,53,深位,429120.0,429313.0830769231,429328.64,208.64000000001397,否
IN0646,B6T0000001955,E1,1,1,1,59,浅位,429120.0,429338.19692307693,429353.79076923075,233.790769230749,否
IN0646,B6T0000001955,E1,1,1,1,59,深位,429120.0,429363.3846153846,429378.97846153844,258.9784615384415,否
IN0646,B6T0000001955,E1,1,2,1,59,浅位,429120.0,429388.5723076923,429404.16615384613,284.16615384613397,否
IN0646,B6T0000001955,E1,1,2,1,59,深位,429120.0,429413.76,429429.3538461538,309.35384615382645,否
IN0646,B6T0000001955,E1,1,1,8,46,浅位,429120.0,429438.9476923077,429454.6153846154,334.61538461537566,否
IN0646,B6T0000001955,E1,1,1,8,46,深位,429120.0,429464.2830769231,429479.9507692308,359.9507692307816,否
IN0646,B6T0000001955,E1,1,2,6,50,深位,429120.0,429489.6184615385,429505.3107692308,385.3107692308258,否
IN0646,B6T0000001955,E1,1,1,1,60,浅位,429120.0,429515.00307692314,429530.756923077,410.75692307698773,否
IN0447,B6T0000001354,E1,1,1,1,60,深位,430440.0,430440.0,430455.75384615385,15.753846153849736,否
IN0447,B6T0000001354,E1,1,2,1,60,浅位,430440.0,430465.5076923077,430481.26153846155,41.26153846154921,否
IN0447,B6T0000001354,E1,1,2,1,60,深位,430440.0,430491.0153846154,430506.76923076925,66.76923076924868,否
IN0447,B6T0000001354,E1,1,2,5,53,深位,430440.0,430516.5230769231,430532.3876923077,92.38769230770413,否
IN0640,B6T0000001940,E1,1,1,2,59,浅位,431040.0,431040.0,431055.90153846156,15.901538461563177,否
IN0640,B6T0000001940,E1,1,1,2,59,深位,431040.0,431065.80307692307,431081.70461538463,41.704615384631325,否
IN0640,B6T0000001940,E1,1,2,2,59,浅位,431040.0,431091.60615384614,431107.5076923077,67.50769230769947,否
IN0652,B6T0000001969,E1,1,2,2,59,深位,431160.0,431160.0,431175.90153846156,15.901538461563177,否
IN0652,B6T0000001969,E1,1,1,1,61,浅位,431160.0,431185.80307692307,431201.7169230769,41.71692307689227,否
IN0528,B6T0000001573,E1,1,1,1,61,深位,431160.0,431211.6307692308,431227.5446153846,67.54461538459873,否
IN0528,B6T0000001573,E1,1,2,1,61,浅位,431160.0,431237.4584615385,431253.3723076923,93.37230769230518,否
IN0528,B6T0000001573,E1,1,2,1,61,深位,431160.0,431263.2861538462,431279.2,119.20000000001164,否
IN0528,B6T0000001573,E1,1,1,5,54,深位,431160.0,431289.1138461539,431305.13846153853,145.13846153853228,否
IN0528,B6T0000001573,E1,1,1,4,56,浅位,431160.0,431315.1630769231,431331.2,171.20000000001164,否
IN0528,B6T0000001573,E1,1,1,4,56,深位,431160.0,431341.23692307697,431357.27384615387,197.27384615386836,否
IN0528,B6T0000001573,E1,1,1,3,58,浅位,431160.0,431367.3107692308,431383.36000000004,223.36000000004424,否
IN0528,B6T0000001573,E1,1,1,3,58,深位,431160.0,431393.40923076926,431409.4584615385,249.45846153848106,否
IN0528,B6T0000001573,E1,1,2,3,58,浅位,431160.0,431419.5076923077,431435.5569230769,275.5569230769179,否
IN0528,B6T0000001573,E1,1,2,3,58,深位,431160.0,431445.60615384614,431461.65538461535,301.6553846153547,否
IN0528,B6T0000001573,E1,1,1,2,60,浅位,431160.0,431471.7046153846,431487.7661538461,327.7661538461107,否
IN0528,B6T0000001573,E1,1,1,2,60,深位,431160.0,431497.82769230765,431513.8892307692,353.8892307691858,否
IN0528,B6T0000001573,E1,1,2,2,60,浅位,431160.0,431523.9507692307,431540.01230769226,380.01230769226095,否
IN0528,B6T0000001573,E1,1,2,2,60,深位,431160.0,431550.0738461538,431566.13538461534,406.1353846153361,否
IN0528,B6T0000001573,E1,1,1,1,62,浅位,431160.0,431576.1969230769,431592.27076923073,432.27076923073037,否
IN0100,B6T0000000283,E4,1,1,44,5,浅位,433740.0,433752.24615384615,433783.58461538464,43.58461538463598,是
IN0100,B6T0000000283,E4,1,1,44,5,深位,433740.0,433816.84307692305,433848.18153846153,108.18153846153291,是
IN0020,B6T0000000061,E4,1,2,44,5,浅位,434100.0,434100.0,434131.3384615385,31.338461538485717,否
IN0020,B6T0000000061,E4,1,2,44,5,深位,434100.0,434156.6769230769,434188.0153846154,88.01538461539894,否
IN0595,B6T0000001769,E1,1,1,1,12,浅位,435480.0,435480.0,435488.07384615386,8.07384615385672,否
IN0595,B6T0000001769,E1,1,1,1,12,深位,435480.0,435490.1476923077,435498.22153846157,18.221538461570162,否
IN0595,B6T0000001769,E1,1,2,1,12,浅位,435480.0,435500.2953846154,435508.3692307693,28.369230769283604,否
IN0595,B6T0000001769,E1,1,2,1,12,深位,435480.0,435510.44307692314,435518.516923077,38.516923076997045,否
IN0097,B6T0000000270,E4,1,2,43,2,浅位,443520.0,443520.0,443550.08923076926,30.089230769255664,否
IN0097,B6T0000000270,E4,1,2,43,2,深位,443520.0,443574.17846153845,443604.2676923077,84.26769230770878,否
IN0097,B6T0000000270,E4,1,1,43,3,浅位,443520.0,443628.3569230769,443658.60615384614,138.6061538461363,否
IN0097,B6T0000000270,E4,1,1,43,3,深位,443520.0,443682.85538461537,443713.1046153846,193.1046153845964,否
IN0097,B6T0000000270,E4,1,2,43,3,浅位,443520.0,443737.3538461538,443767.60307692306,247.6030769230565,否
IN0097,B6T0000000270,E4,1,2,43,3,深位,443520.0,443791.8523076923,443822.1015384615,302.1015384615166,否
IN0097,B6T0000000270,E4,1,1,43,9,浅位,443520.0,443846.35076923075,443877.56,357.5599999999977,否
IN0097,B6T0000000270,E4,1,1,43,9,深位,443520.0,443902.7692307692,443933.97846153844,413.9784615384415,是
IN0097,B6T0000000270,E4,1,2,43,9,浅位,443520.0,443967.1076923077,443998.3169230769,478.3169230769272,是
IN0097,B6T0000000270,E4,1,2,43,9,深位,443520.0,444031.44615384616,444062.6553846154,542.6553846154129,是
IN0097,B6T0000000270,E4,1,1,43,13,浅位,443520.0,444095.78461538465,444127.63384615385,607.6338461538544,是
IN0186,B6T0000000541,E3,1,2,9,9,浅位,445680.0,445705.76,445715.96923076926,35.96923076926032,是
IN0186,B6T0000000541,E3,1,2,9,9,深位,445680.0,445778.29538461537,445788.5046153846,108.50461538461968,是
IN0186,B6T0000000541,E3,1,2,9,10,浅位,445680.0,445850.8307692307,445861.19999999995,181.19999999995343,否
IN0186,B6T0000000541,E3,1,2,9,10,深位,445680.0,445865.5692307692,445875.9384615384,195.93846153840423,否
IN0186,B6T0000000541,E3,1,2,11,6,深位,445680.0,445880.30769230763,445891.26769230765,211.26769230765058,否
IN0536,B6T0000001589,E1,1,2,8,3,浅位,447120.0,447120.0,447128.78769230767,8.787692307669204,否
IN0536,B6T0000001589,E1,1,2,8,3,深位,447120.0,447131.5753846154,447140.36307692307,20.36307692306582,否
IN0536,B6T0000001589,E1,1,1,9,15,浅位,447120.0,447143.1507692308,447154.32,34.320000000006985,否
IN0536,B6T0000001589,E1,1,1,9,15,深位,447120.0,447159.4892307693,447170.6584615385,50.6584615384927,否
IN0536,B6T0000001589,E1,1,2,9,15,浅位,447120.0,447175.82769230776,447186.996923077,66.99692307697842,否
IN0536,B6T0000001589,E1,1,2,9,15,深位,447120.0,447192.16615384625,447203.33538461546,83.33538461546414,否
IN0521,B6T0000001557,E1,2,3,4,1,深位,10260.0,10260.0,10267.236923076924,7.236923076923631,否
IN0521,B6T0000001557,E1,2,3,2,7,深位,10260.0,10268.473846153845,10276.055384615383,16.055384615383446,否
IN0521,B6T0000001557,E1,2,3,5,2,深位,10260.0,10277.636923076923,10285.341538461538,25.34153846153822,否
IN0521,B6T0000001557,E1,2,4,2,9,深位,10260.0,10287.046153846153,10294.94769230769,34.947692307690886,否
IN0199,B6T0000000581,E3,2,3,13,11,深位,12600.0,12600.0,12612.99076923077,12.990769230769729,否
IN0199,B6T0000000581,E3,2,4,13,23,浅位,12600.0,12619.981538461538,12634.892307692307,34.89230769230744,否
IN0199,B6T0000000581,E3,2,4,13,23,深位,12600.0,12643.803076923075,12658.713846153845,58.713846153845225,否
IN0199,B6T0000000581,E3,2,4,16,18,深位,12600.0,12667.624615384613,12683.581538461536,83.58153846153618,否
IN0199,B6T0000000581,E3,2,3,15,32,深位,12600.0,12693.53846153846,12711.119999999997,111.11999999999716,否
IN0199,B6T0000000581,E3,2,3,23,3,深位,12600.0,12722.701538461537,12740.566153846152,140.5661538461518,否
IN0199,B6T0000000581,E3,2,3,19,21,深位,12600.0,12752.430769230768,12770.713846153845,170.71384615384522,否
IN0199,B6T0000000581,E3,2,3,18,26,深位,12600.0,12782.996923076922,12801.464615384615,201.46461538461517,否
IN0199,B6T0000000581,E3,2,4,23,8,深位,12600.0,12813.932307692306,12832.596923076922,232.5969230769224,否
IN0199,B6T0000000581,E3,2,3,9,64,浅位,12600.0,12845.261538461536,12864.270769230767,264.27076923076675,否
IN0199,B6T0000000581,E3,2,3,9,64,深位,12600.0,12877.279999999999,12896.28923076923,296.2892307692291,否
IN0199,B6T0000000581,E3,2,4,9,64,浅位,12600.0,12909.298461538461,12928.307692307691,328.30769230769147,否
IN0199,B6T0000000581,E3,2,4,9,64,深位,12600.0,12941.316923076924,12960.326153846154,360.32615384615383,否
IN0199,B6T0000000581,E3,2,3,9,65,浅位,12600.0,12973.335384615386,12992.504615384616,392.50461538461605,否
IN0199,B6T0000000581,E3,2,3,9,65,深位,12600.0,13005.673846153848,13024.843076923078,424.8430769230781,否
IN0199,B6T0000000581,E3,2,4,9,65,浅位,12600.0,13038.01230769231,13057.18153846154,457.1815384615402,否
IN0199,B6T0000000581,E3,2,4,9,65,深位,12600.0,13070.350769230772,13089.520000000002,489.52000000000226,否
IN0199,B6T0000000581,E3,2,3,9,66,浅位,12600.0,13102.689230769234,13122.018461538464,522.0184615384642,否
IN0199,B6T0000000581,E3,2,3,9,66,深位,12600.0,13135.347692307696,13154.676923076926,554.676923076926,否
IN0199,B6T0000000581,E3,2,4,9,66,浅位,12600.0,13168.006153846158,13187.335384615388,587.3353846153877,否
IN0199,B6T0000000581,E3,2,4,9,66,深位,12600.0,13200.66461538462,13219.99384615385,619.9938461538495,否
IN0199,B6T0000000581,E3,2,3,10,63,浅位,12600.0,13233.323076923081,13252.787692307696,652.7876923076965,否
IN0199,B6T0000000581,E3,2,3,10,63,深位,12600.0,13266.252307692312,13285.716923076927,685.7169230769268,否
IN0199,B6T0000000581,E3,2,4,10,63,浅位,12600.0,13299.181538461542,13318.646153846157,718.6461538461572,否
IN0199,B6T0000000581,E3,2,4,10,63,深位,12600.0,13332.110769230772,13351.575384615388,751.5753846153875,否
IN0199,B6T0000000581,E3,2,3,9,67,浅位,12600.0,13365.040000000003,13384.529230769234,784.5292307692343,否
IN0199,B6T0000000581,E3,2,3,9,67,深位,12600.0,13398.018461538464,13417.507692307696,817.5076923076958,否
IN0199,B6T0000000581,E3,2,4,9,67,浅位,12600.0,13430.996923076926,13450.486153846157,850.4861538461573,否
IN0199,B6T0000000581,E3,2,4,9,67,深位,12600.0,13463.975384615387,13483.464615384619,883.4646153846188,否
IN0199,B6T0000000581,E3,2,3,10,64,浅位,12600.0,13496.953846153849,13516.578461538464,916.5784615384637,否
IN0199,B6T0000000581,E3,2,3,10,64,深位,12600.0,13530.203076923079,13549.827692307694,949.8276923076937,否
IN0199,B6T0000000581,E3,2,4,10,64,浅位,12600.0,13563.452307692309,13583.076923076924,983.0769230769238,否
IN0199,B6T0000000581,E3,2,4,10,64,深位,12600.0,13596.701538461539,13616.326153846154,1016.3261538461538,否
IN0199,B6T0000000581,E3,2,3,9,68,浅位,12600.0,13629.950769230769,13649.6,1049.6000000000004,是
IN0199,B6T0000000581,E3,2,3,9,68,深位,12600.0,13697.556923076923,13717.206153846155,1117.2061538461548,是
IN0199,B6T0000000581,E3,2,4,9,68,浅位,12600.0,13765.163076923078,13784.81230769231,1184.8123076923093,否
IN0199,B6T0000000581,E3,2,4,9,68,深位,12600.0,13798.461538461539,13818.11076923077,1218.1107692307705,否
IN0199,B6T0000000581,E3,2,3,11,61,浅位,12600.0,13831.76,13851.52,1251.5200000000004,否
IN0199,B6T0000000581,E3,2,3,11,61,深位,12600.0,13865.28,13885.04,1285.0400000000009,否
IN0199,B6T0000000581,E3,2,4,11,61,浅位,12600.0,13898.800000000001,13918.560000000001,1318.5600000000013,否
IN0199,B6T0000000581,E3,2,4,11,61,深位,12600.0,13932.320000000002,13952.080000000002,1352.0800000000017,否
IN0199,B6T0000000581,E3,2,3,10,65,浅位,12600.0,13965.840000000002,13985.624615384617,1385.6246153846168,否
IN0199,B6T0000000581,E3,2,3,10,65,深位,12600.0,13999.409230769234,14019.193846153848,1419.1938461538484,是
IN0199,B6T0000000581,E3,2,4,10,65,浅位,12600.0,14067.286153846157,14087.070769230771,1487.0707692307715,是
IN0199,B6T0000000581,E3,2,4,10,65,深位,12600.0,14135.16307692308,14154.947692307695,1554.9476923076945,否
IN0199,B6T0000000581,E3,2,3,11,62,浅位,12600.0,14168.732307692311,14188.652307692311,1588.6523076923113,否
IN0199,B6T0000000581,E3,2,3,11,62,深位,12600.0,14202.572307692311,14222.492307692311,1622.4923076923114,否
IN0199,B6T0000000581,E3,2,4,11,62,浅位,12600.0,14236.412307692312,14256.332307692312,1656.3323076923116,否
IN0199,B6T0000000581,E3,2,4,11,62,深位,12600.0,14270.252307692312,14290.172307692312,1690.1723076923117,否
IN0199,B6T0000000581,E3,2,3,10,66,浅位,12600.0,14304.092307692312,14324.036923076927,1724.0369230769265,否
IN0199,B6T0000000581,E3,2,3,10,66,深位,12600.0,14337.981538461543,14357.926153846158,1757.9261538461578,否
IN0199,B6T0000000581,E3,2,4,10,66,浅位,12600.0,14371.870769230774,14391.81538461539,1791.8153846153891,否
IN0199,B6T0000000581,E3,2,4,10,66,深位,12600.0,14405.760000000006,14425.70461538462,1825.7046153846204,否
IN0199,B6T0000000581,E3,2,3,11,63,浅位,12600.0,14439.649230769237,14459.729230769237,1859.729230769237,否
IN0199,B6T0000000581,E3,2,3,11,63,深位,12600.0,14473.809230769237,14493.889230769237,1893.8892307692367,否
IN0199,B6T0000000581,E3,2,4,11,63,浅位,12600.0,14507.969230769237,14528.049230769237,1928.0492307692366,否
IN0199,B6T0000000581,E3,2,4,11,63,深位,12600.0,14542.129230769237,14562.209230769236,1962.2092307692365,否
IN0199,B6T0000000581,E3,2,3,10,67,浅位,12600.0,14576.289230769236,14596.393846153851,1996.393846153851,否
IN0199,B6T0000000581,E3,2,3,10,67,深位,12600.0,14610.498461538467,14630.603076923082,2030.603076923082,否
IN0199,B6T0000000581,E3,2,4,10,67,浅位,12600.0,14644.707692307698,14664.812307692313,2064.812307692313,否
IN0199,B6T0000000581,E3,2,4,10,67,深位,12600.0,14678.91692307693,14699.021538461544,2099.021538461544,否
IN0199,B6T0000000581,E3,2,4,21,25,深位,12600.0,14713.12615384616,14733.280000000006,2133.280000000006,否
IN0199,B6T0000000581,E3,2,3,12,60,浅位,12600.0,14747.433846153852,14767.649230769237,2167.649230769237,否
IN0199,B6T0000000581,E3,2,3,12,60,深位,12600.0,14781.86461538462,14802.080000000005,2202.0800000000054,否
IN0199,B6T0000000581,E3,2,4,12,60,浅位,12600.0,14816.295384615389,14836.510769230774,2236.510769230774,否
IN0199,B6T0000000581,E3,2,4,12,60,深位,12600.0,14850.726153846157,14870.941538461542,2270.941538461542,否
IN0199,B6T0000000581,E3,2,3,11,64,浅位,12600.0,14885.156923076926,14905.396923076925,2305.3969230769253,否
IN0199,B6T0000000581,E3,2,3,11,64,深位,12600.0,14919.636923076925,14939.876923076925,2339.876923076925,否
IN0199,B6T0000000581,E3,2,4,11,64,浅位,12600.0,14954.116923076925,14974.356923076924,2374.3569230769244,否
IN0199,B6T0000000581,E3,2,4,11,64,深位,12600.0,14988.596923076924,15008.836923076924,2408.836923076924,否
IN0199,B6T0000000581,E3,2,3,10,68,浅位,12600.0,15023.076923076924,15043.34153846154,2443.34153846154,否
IN0199,B6T0000000581,E3,2,3,10,68,深位,12600.0,15057.606153846154,15077.87076923077,2477.8707692307707,否
IN0199,B6T0000000581,E3,2,4,10,68,浅位,12600.0,15092.135384615385,15112.400000000001,2512.4000000000015,否
IN0199,B6T0000000581,E3,2,4,10,68,深位,12600.0,15126.664615384616,15146.929230769232,2546.929230769232,否
IN0199,B6T0000000581,E3,2,3,12,61,浅位,12600.0,15161.193846153847,15181.569230769232,2581.5692307692316,否
IN0199,B6T0000000581,E3,2,3,12,61,深位,12600.0,15195.944615384617,15216.320000000002,2616.3200000000015,否
IN0199,B6T0000000581,E3,2,4,12,61,浅位,12600.0,15230.695384615387,15251.070769230771,2651.0707692307715,否
IN0512,B6T0000001536,E1,2,3,6,4,深位,29760.0,29760.0,29768.332307692308,8.33230769230795,否
IN0512,B6T0000001536,E1,2,3,8,1,深位,29760.0,29770.664615384616,29779.132307692307,19.132307692307222,否
IN0480,B6T0000001445,E1,2,3,8,2,深位,35640.0,35640.0,35648.627692307695,8.627692307694815,否
IN0480,B6T0000001445,E1,2,4,2,14,深位,35640.0,35651.25538461538,35659.95692307692,19.956923076919338,否
IN0019,B6T0000000056,E4,2,4,43,8,深位,35880.0,35880.0,35911.04923076923,31.049230769232963,否
IN0019,B6T0000000056,E4,2,3,43,10,浅位,35880.0,35936.09846153846,35967.46769230769,87.46769230769132,否
IN0506,B6T0000001520,E1,2,4,7,5,深位,40860.0,40860.0,40868.8,8.80000000000291,否
IN0506,B6T0000001520,E1,2,3,4,11,浅位,40860.0,40871.6,40880.43692307692,20.43692307692254,否
IN0506,B6T0000001520,E1,2,3,4,11,深位,40860.0,40883.27384615385,40892.11076923077,32.11076923077053,否
IN0432,B6T0000001312,E3,2,3,13,20,浅位,44640.0,44640.0,44654.43076923077,14.430769230770238,否
IN0432,B6T0000001312,E3,2,3,13,20,深位,44640.0,44662.86153846154,44677.29230769231,37.292307692310715,否
IN0432,B6T0000001312,E3,2,4,13,20,浅位,44640.0,44685.72307692308,44700.15384615385,60.15384615385119,否
IN0432,B6T0000001312,E3,2,4,13,20,深位,44640.0,44708.58461538462,44723.01538461539,83.01538461539167,否
IN0126,B6T0000000365,E3,2,4,11,35,浅位,45600.0,45600.0,45615.6,15.599999999998545,否
IN0126,B6T0000000365,E3,2,4,11,35,深位,45600.0,45625.2,45640.799999999996,40.799999999995634,否
IN0101,B6T0000000285,E4,2,3,43,10,深位,45840.0,45840.0,45871.36923076923,31.369230769232672,否
IN0101,B6T0000000285,E4,2,4,43,10,浅位,45840.0,45896.73846153846,45928.10769230769,88.10769230769074,否
IN0101,B6T0000000285,E4,2,4,43,10,深位,45840.0,45953.476923076916,45984.84615384615,144.8461538461488,否
IN0086,B6T0000000234,E4,2,3,45,3,浅位,45960.0,46010.215384615374,46042.003076923065,82.00307692306524,否
IN0086,B6T0000000234,E4,2,3,45,3,深位,45960.0,46067.790769230756,46099.57846153845,139.5784615384473,否
IN0069,B6T0000000193,E4,2,4,45,3,浅位,46440.0,46440.0,46471.78769230769,31.78769230769103,否
IN0069,B6T0000000193,E4,2,4,45,3,深位,46440.0,46497.57538461538,46529.36307692307,89.3630769230731,否
IN0069,B6T0000000193,E4,2,4,44,11,深位,46440.0,46555.150769230764,46587.44923076923,147.44923076922714,否
IN0069,B6T0000000193,E4,2,4,43,16,深位,46440.0,46613.74769230769,46646.07692307692,206.07692307692196,否
IN0069,B6T0000000193,E4,2,3,46,2,浅位,46440.0,46672.406153846154,46704.803076923075,264.8030769230754,否
IN0069,B6T0000000193,E4,2,3,46,2,深位,46440.0,46731.2,46763.59692307692,323.59692307691876,否
IN0162,B6T0000000471,E3,2,4,18,15,浅位,48240.0,48240.0,48256.70769230769,16.707692307689285,否
IN0162,B6T0000000471,E3,2,4,18,15,深位,48240.0,48267.415384615386,48284.123076923075,44.12307692307513,否
IN0162,B6T0000000471,E3,2,4,17,23,浅位,48240.0,48294.83076923077,48312.20307692308,72.20307692307688,否
IN0162,B6T0000000471,E3,2,4,17,23,深位,48240.0,48323.57538461539,48340.947692307695,100.94769230769452,否
IN0162,B6T0000000471,E3,2,3,17,41,浅位,48240.0,48352.32000000001,48372.57230769232,132.57230769231683,否
IN0162,B6T0000000471,E3,2,3,17,41,深位,48240.0,48386.82461538462,48407.07692307693,167.07692307692923,否
IN0162,B6T0000000471,E3,2,4,12,61,深位,48240.0,48421.32923076923,48441.70461538462,201.70461538461677,否
IN0162,B6T0000000471,E3,2,3,11,65,浅位,48240.0,48456.08,48476.48,236.4800000000032,否
IN0162,B6T0000000471,E3,2,3,11,65,深位,48240.0,48490.880000000005,48511.280000000006,271.2800000000061,否
IN0162,B6T0000000471,E3,2,4,11,65,浅位,48240.0,48525.68000000001,48546.08000000001,306.080000000009,否
IN0162,B6T0000000471,E3,2,4,11,65,深位,48240.0,48560.48000000001,48580.88000000001,340.88000000001193,否
IN0162,B6T0000000471,E3,2,3,14,54,浅位,48240.0,48595.28000000001,48615.76615384617,375.7661538461689,否
IN0162,B6T0000000471,E3,2,3,14,54,深位,48240.0,48630.252307692324,48650.73846153848,410.7384615384799,否
IN0162,B6T0000000471,E3,2,3,12,62,浅位,48240.0,48665.224615384635,48685.76000000002,445.7600000000166,否
IN0162,B6T0000000471,E3,2,3,12,62,深位,48240.0,48700.295384615405,48720.830769230786,480.83076923078625,否
IN0162,B6T0000000471,E3,2,4,12,62,浅位,48240.0,48735.366153846175,48755.901538461556,515.9015384615559,否
IN0162,B6T0000000471,E3,2,4,12,62,深位,48240.0,48770.436923076944,48790.972307692326,550.9723076923256,否
IN0162,B6T0000000471,E3,2,3,11,66,浅位,48240.0,48805.507692307714,48826.06769230771,586.0676923077117,否
IN0162,B6T0000000471,E3,2,3,11,66,深位,48240.0,48840.62769230772,48861.187692307714,621.1876923077143,否
IN0162,B6T0000000471,E3,2,4,11,66,浅位,48240.0,48875.74769230772,48896.30769230772,656.3076923077169,否
IN0162,B6T0000000471,E3,2,4,11,66,深位,48240.0,48910.86769230772,48931.42769230772,691.4276923077196,否
IN0162,B6T0000000471,E3,2,3,13,59,浅位,48240.0,48945.987692307725,48966.65846153849,726.6584615384927,否
IN0162,B6T0000000471,E3,2,3,13,59,深位,48240.0,48981.32923076926,49002.00000000003,762.0000000000291,否
IN0162,B6T0000000471,E3,2,4,13,59,浅位,48240.0,49016.6707692308,49037.341538461566,797.3415384615655,否
IN0162,B6T0000000471,E3,2,4,13,59,深位,48240.0,49052.012307692334,49072.6830769231,832.6830769231019,否
IN0162,B6T0000000471,E3,2,3,12,63,浅位,48240.0,49087.35384615387,49108.049230769255,868.0492307692548,否
IN0162,B6T0000000471,E3,2,3,12,63,深位,48240.0,49122.74461538464,49143.440000000024,903.4400000000242,否
IN0162,B6T0000000471,E3,2,4,12,63,浅位,48240.0,49158.13538461541,49178.83076923079,938.8307692307935,否
IN0162,B6T0000000471,E3,2,4,12,63,深位,48240.0,49193.52615384618,49214.22153846156,974.2215384615629,否
IN0162,B6T0000000471,E3,2,3,11,67,浅位,48240.0,49228.91692307695,49249.63692307695,1009.6369230769487,否
IN0162,B6T0000000471,E3,2,3,11,67,深位,48240.0,49264.35692307695,49285.07692307695,1045.076923076951,否
IN0162,B6T0000000471,E3,2,4,11,67,浅位,48240.0,49299.79692307695,49320.51692307695,1080.5169230769534,否
IN0162,B6T0000000471,E3,2,4,11,67,深位,48240.0,49335.236923076955,49355.956923076956,1115.9569230769557,否
IN0162,B6T0000000471,E3,2,4,24,17,深位,48240.0,49370.67692307696,49391.39692307696,1151.396923076958,否
IN0162,B6T0000000471,E3,2,4,23,21,深位,48240.0,49406.11692307696,49426.86153846158,1186.8615384615769,否
IN0162,B6T0000000471,E3,2,3,13,60,浅位,48240.0,49441.60615384619,49462.43692307696,1222.436923076959,否
IN0162,B6T0000000471,E3,2,3,13,60,深位,48240.0,49477.26769230772,49498.098461538495,1258.098461538495,否
IN0162,B6T0000000471,E3,2,4,13,60,浅位,48240.0,49512.92923076926,49533.76000000003,1293.7600000000311,否
IN0162,B6T0000000471,E3,2,4,13,60,深位,48240.0,49548.590769230796,49569.42153846157,1329.4215384615673,否
IN0473,B6T0000001426,E1,2,4,4,11,浅位,51180.0,51180.0,51188.836923076924,8.836923076923995,否
IN0473,B6T0000001426,E1,2,4,4,11,深位,51180.0,51191.67384615385,51200.51076923077,20.510769230771984,否
IN0418,B6T0000001276,E3,2,3,9,10,浅位,52260.0,52260.0,52270.36923076923,10.369230769232672,否
IN0418,B6T0000001276,E3,2,3,9,10,深位,52260.0,52274.73846153846,52285.10769230769,25.10769230769074,否
IN0278,B6T0000000833,E3,2,3,12,64,浅位,52260.0,52289.476923076916,52310.332307692304,50.33230769230431,否
IN0278,B6T0000000833,E3,2,3,12,64,深位,52260.0,52325.187692307685,52346.04307692307,86.04307692307339,否
IN0278,B6T0000000833,E3,2,4,12,64,浅位,52260.0,52360.898461538454,52381.75384615384,121.75384615384246,否
IN0489,B6T0000001474,E1,2,4,1,18,深位,53160.0,53160.0,53169.03384615385,9.033846153848572,否
IN0489,B6T0000001474,E1,2,3,5,12,浅位,53160.0,53172.06769230769,53181.372307692305,21.372307692305185,否
IN0489,B6T0000001474,E1,2,3,5,12,深位,53160.0,53184.67692307692,53193.981538461536,33.98153846153582,否
IN0598,B6T0000001776,E1,2,4,2,8,浅位,55260.0,55260.0,55267.74153846154,7.741538461537857,否
IN0598,B6T0000001776,E1,2,4,2,8,深位,55260.0,55269.483076923076,55277.22461538461,17.22461538461357,否
IN0598,B6T0000001776,E1,2,4,8,1,浅位,55260.0,55278.96615384615,55287.43384615384,27.43384615384275,否
IN0598,B6T0000001776,E1,2,4,8,1,深位,55260.0,55289.901538461534,55298.369230769225,38.369230769225396,否
IN0598,B6T0000001776,E1,2,4,5,12,浅位,55260.0,55300.83692307692,55310.14153846153,50.141538461532036,否
IN0598,B6T0000001776,E1,2,4,4,14,深位,55260.0,55313.44615384615,55322.76307692307,62.763076923067274,否
IN0598,B6T0000001776,E1,2,3,6,11,深位,55260.0,55326.079999999994,55335.5323076923,75.5323076923014,否
IN0598,B6T0000001776,E1,2,3,8,8,浅位,55260.0,55338.98461538461,55348.5723076923,88.57230769230227,否
IN0622,B6T0000001843,E1,2,4,5,2,浅位,55980.0,55980.0,55987.70461538462,7.704615384616773,否
IN0622,B6T0000001843,E1,2,4,5,2,深位,55980.0,55989.40923076923,55997.11384615385,17.113846153850318,否
IN0622,B6T0000001843,E1,2,3,8,8,深位,55980.0,55998.81846153847,56008.40615384616,28.406153846161033,否
IN0622,B6T0000001843,E1,2,3,6,14,浅位,55980.0,56011.993846153855,56021.926153846165,41.92615384616511,否
IN0622,B6T0000001843,E1,2,3,6,14,深位,55980.0,56025.85846153847,56035.79076923078,55.790769230778096,否
IN0155,B6T0000000455,E3,2,4,9,10,浅位,56880.0,56880.0,56890.36923076923,10.369230769232672,否
IN0155,B6T0000000455,E3,2,4,9,10,深位,56880.0,56894.73846153846,56905.10769230769,25.10769230769074,否
IN0155,B6T0000000455,E3,2,4,12,64,深位,56880.0,56909.476923076916,56930.332307692304,50.33230769230431,否
IN0155,B6T0000000455,E3,2,3,11,68,浅位,56880.0,56945.187692307685,56966.06769230768,86.06769230768259,否
IN0561,B6T0000001665,E1,2,4,6,14,浅位,86940.0,86940.0,86949.9323076923,9.932307692302857,否
IN0561,B6T0000001665,E1,2,4,6,14,深位,86940.0,86953.86461538462,86963.79692307692,23.79692307692312,否
IN0561,B6T0000001665,E1,2,3,5,16,深位,86940.0,86967.72923076924,86977.67384615386,37.67384615386254,否
IN0561,B6T0000001665,E1,2,4,3,21,深位,86940.0,86981.61846153847,86991.7476923077,51.74769230770471,否
IN0561,B6T0000001665,E1,2,4,8,12,深位,86940.0,86995.87692307692,87006.10461538461,66.10461538461095,否
IN0561,B6T0000001665,E1,2,4,1,26,浅位,86940.0,87010.33230769231,87020.64615384616,80.646153846159,否
IN0561,B6T0000001665,E1,2,4,1,26,深位,86940.0,87024.96,87035.27384615385,95.27384615385381,否
IN0561,B6T0000001665,E1,2,3,4,21,深位,86940.0,87039.5876923077,87050.02461538462,110.02461538462376,否
IN0561,B6T0000001665,E1,2,4,4,22,深位,86940.0,87054.46153846155,87065.05846153847,125.05846153847233,是
IN0561,B6T0000001665,E1,2,4,2,28,浅位,86940.0,87121.04000000001,87131.98153846155,191.98153846155037,是
IN0561,B6T0000001665,E1,2,4,2,28,深位,86940.0,87189.53846153847,87200.48000000001,260.4800000000105,是
IN0561,B6T0000001665,E1,2,4,1,30,深位,86940.0,87222.19076923077,87233.14461538462,293.1446153846191,是
IN0182,B6T0000000536,E3,2,3,9,8,浅位,89160.0,89172.11692307694,89182.16615384618,22.16615384617762,否
IN0182,B6T0000000536,E3,2,3,9,8,深位,89160.0,89186.21538461541,89196.26461538464,36.26461538464355,否
IN0182,B6T0000000536,E3,2,4,9,8,浅位,89160.0,89200.31384615388,89210.36307692311,50.363076923109475,否
IN0182,B6T0000000536,E3,2,4,9,8,深位,89160.0,89214.41230769234,89224.46153846158,64.4615384615754,否
IN0182,B6T0000000536,E3,2,3,9,11,浅位,89160.0,89228.51076923081,89239.04000000004,79.04000000003725,否
IN0182,B6T0000000536,E3,2,3,9,11,深位,89160.0,89243.56923076927,89254.0984615385,94.09846153849503,否
IN0182,B6T0000000536,E3,2,3,13,8,浅位,89160.0,89258.62769230772,89271.13846153849,111.13846153848863,否
IN0182,B6T0000000536,E3,2,3,13,8,深位,89160.0,89277.64923076927,89290.16000000003,130.1600000000326,否
IN0182,B6T0000000536,E3,2,4,13,8,浅位,89160.0,89296.67076923081,89309.18153846158,149.18153846157657,否
IN0182,B6T0000000536,E3,2,4,13,8,深位,89160.0,89315.69230769236,89328.20307692312,168.20307692312053,否
IN0182,B6T0000000536,E3,2,4,14,5,浅位,89160.0,89334.7138461539,89347.36000000006,187.3600000000588,否
IN0182,B6T0000000536,E3,2,4,14,5,深位,89160.0,89354.0061538462,89366.65230769236,206.65230769236223,否
IN0182,B6T0000000536,E3,2,3,17,1,浅位,89160.0,89373.2984615385,89387.15076923081,227.15076923080778,否
IN0245,B6T0000000719,E3,2,3,17,1,深位,91260.0,91260.0,91273.8523076923,13.85230769230111,否
IN0245,B6T0000000719,E3,2,4,17,1,浅位,91260.0,91281.70461538462,91295.55692307692,35.55692307691788,否
IN0245,B6T0000000719,E3,2,3,11,68,深位,91260.0,91303.40923076923,91324.28923076924,64.2892307692382,否
IN0245,B6T0000000719,E3,2,4,11,68,浅位,91260.0,91339.16923076923,91360.04923076923,100.04923076923296,否
IN0245,B6T0000000719,E3,2,4,11,68,深位,91260.0,91374.92923076922,91395.80923076923,135.80923076922772,否
IN0245,B6T0000000719,E3,2,3,13,61,浅位,91260.0,91410.68923076922,91431.68,171.67999999999302,否
IN0599,B6T0000001777,E1,2,3,2,9,浅位,95100.0,95100.0,95107.90153846153,7.901538461534074,否
IN0599,B6T0000001777,E1,2,3,2,9,深位,95100.0,95109.80307692308,95117.70461538462,17.704615384616773,否
IN0599,B6T0000001777,E1,2,4,2,9,浅位,95100.0,95119.60615384617,95127.5076923077,27.50769230769947,否
IN0599,B6T0000001777,E1,2,3,3,13,浅位,95100.0,95129.40923076925,95138.25846153848,38.25846153848397,否
IN0592,B6T0000001763,E1,2,3,3,13,深位,96180.0,96180.0,96188.84923076924,8.849230769235874,否
IN0592,B6T0000001763,E1,2,4,3,13,浅位,96180.0,96191.69846153846,96200.5476923077,20.54769230769307,否
IN0592,B6T0000001763,E1,2,4,3,13,深位,96180.0,96203.39692307691,96212.24615384615,32.246153846150264,否
IN0592,B6T0000001763,E1,2,3,2,18,浅位,96180.0,96215.09538461537,96224.43692307691,44.43692307690799,否
IN0547,B6T0000001639,E1,2,3,2,18,深位,104460.0,104460.0,104469.34153846154,9.341538461536402,否
IN0547,B6T0000001639,E1,2,4,2,18,浅位,104460.0,104472.68307692307,104482.02461538461,22.024615384609206,否
IN0547,B6T0000001639,E1,2,4,5,23,深位,104460.0,104485.36615384615,104496.43076923076,36.43076923076296,否
IN0547,B6T0000001639,E1,2,3,4,27,深位,104460.0,104501.49538461538,104512.89230769231,52.89230769230926,否
IN0547,B6T0000001639,E1,2,4,4,27,浅位,104460.0,104518.28923076922,104529.68615384615,69.68615384615259,否
IN0547,B6T0000001639,E1,2,4,4,27,深位,104460.0,104535.08307692307,104546.48,86.47999999999593,否
IN0547,B6T0000001639,E1,2,3,8,21,深位,104460.0,104551.87692307691,104563.5446153846,103.54461538459873,否
IN0547,B6T0000001639,E1,2,4,7,24,深位,104460.0,104569.2123076923,104581.0523076923,121.0523076922982,否
IN0547,B6T0000001639,E1,2,3,5,28,浅位,104460.0,104586.8923076923,104598.75692307691,138.75692307691497,否
IN0547,B6T0000001639,E1,2,4,5,31,深位,104460.0,104604.62153846152,104616.96615384614,156.96615384613688,否
IN0547,B6T0000001639,E1,2,4,2,37,深位,104460.0,104623.31076923075,104635.6923076923,175.69230769229762,否
IN0547,B6T0000001639,E1,2,3,6,31,浅位,104460.0,104642.07384615383,104654.72615384613,194.72615384613164,否
IN0547,B6T0000001639,E1,2,3,6,31,深位,104460.0,104661.37846153845,104674.03076923075,214.03076923075423,否
IN0547,B6T0000001639,E1,2,4,6,31,浅位,104460.0,104680.68307692307,104693.33538461538,233.33538461537682,否
IN0547,B6T0000001639,E1,2,4,5,33,深位,104460.0,104699.9876923077,104712.6523076923,252.65230769230402,否
IN0547,B6T0000001639,E1,2,3,1,41,深位,104460.0,104719.31692307693,104732.03076923077,272.0307692307688,否
IN0547,B6T0000001639,E1,2,4,8,28,深位,104460.0,104738.74461538462,104751.53230769232,291.53230769232323,否
IN0547,B6T0000001639,E1,2,3,12,14,浅位,104460.0,104758.32,104771.17538461539,311.1753846153879,否
IN0547,B6T0000001639,E1,2,3,12,14,深位,104460.0,104778.03076923078,104790.88615384616,330.88615384616423,否
IN0547,B6T0000001639,E1,2,4,12,14,浅位,104460.0,104797.74153846156,104810.59692307694,350.5969230769406,否
IN0547,B6T0000001639,E1,2,4,12,14,深位,104460.0,104817.45230769234,104830.30769230772,370.30769230771693,否
IN0547,B6T0000001639,E1,2,3,5,37,深位,104460.0,104837.16307692311,104850.46769230773,390.467692307735,否
IN0547,B6T0000001639,E1,2,4,8,35,深位,104460.0,104857.77230769234,104871.68000000004,411.68000000003667,否
IN0547,B6T0000001639,E1,2,3,2,48,深位,104460.0,104879.58769230773,104893.72923076927,433.72923076926963,否
IN0547,B6T0000001639,E1,2,3,4,45,深位,104460.0,104901.87076923081,104916.14769230773,456.147692307728,否
IN0547,B6T0000001639,E1,2,3,3,48,深位,104460.0,104924.42461538466,104938.87384615389,478.87384615388873,否
IN0547,B6T0000001639,E1,2,4,1,55,深位,104460.0,104947.32307692312,104962.27692307696,502.2769230769627,否
IN0547,B6T0000001639,E1,2,3,1,59,浅位,104460.0,104971.23076923081,104986.82461538466,526.8246153846558,否
IN0062,B6T0000000167,E4,2,3,43,3,浅位,105960.0,105960.0,105990.24923076923,30.249230769230053,否
IN0062,B6T0000000167,E4,2,3,43,3,深位,105960.0,106014.49846153846,106044.74769230769,84.74769230769016,否
IN0062,B6T0000000167,E4,2,4,43,3,浅位,105960.0,106068.99692307692,106099.24615384615,139.24615384615026,是
IN0041,B6T0000000119,E4,2,4,43,3,深位,108420.0,108420.0,108450.24923076923,30.249230769230053,否
IN0041,B6T0000000119,E4,2,3,43,9,浅位,108420.0,108474.49846153846,108505.7076923077,85.70769230769656,否
IN0041,B6T0000000119,E4,2,3,43,9,深位,108420.0,108530.91692307692,108562.12615384615,142.12615384615492,否
IN0066,B6T0000000186,E4,2,4,43,9,浅位,113340.0,113340.0,113371.20923076924,31.209230769236456,否
IN0066,B6T0000000186,E4,2,4,43,9,深位,113340.0,113396.41846153846,113427.6276923077,87.62769230769482,否
IN0066,B6T0000000186,E4,2,3,43,13,浅位,113340.0,113452.83692307692,113484.68615384615,144.6861538461526,否
IN0066,B6T0000000186,E4,2,3,43,13,深位,113340.0,113510.53538461537,113542.38461538461,202.3846153846098,否
IN0066,B6T0000000186,E4,2,4,43,13,浅位,113340.0,113568.23384615383,113600.08307692307,260.083076923067,否
IN0066,B6T0000000186,E4,2,4,43,13,深位,113340.0,113625.93230769229,113657.78153846152,317.7815384615242,否
IN0066,B6T0000000186,E4,2,4,46,2,浅位,113340.0,113683.63076923075,113716.02769230767,376.02769230767444,否
IN0066,B6T0000000186,E4,2,4,46,2,深位,113340.0,113742.42461538459,113774.82153846152,434.8215384615178,是
IN0066,B6T0000000186,E4,2,3,44,13,深位,113340.0,113807.53846153844,113840.1569230769,500.1569230768946,是
IN0066,B6T0000000186,E4,2,3,46,13,深位,113340.0,113872.77538461536,113906.93230769229,566.9323076922883,是
IN0066,B6T0000000186,E4,2,4,43,28,深位,113340.0,113941.08923076921,113975.33846153844,635.3384615384421,是
IN0066,B6T0000000186,E4,2,3,48,4,浅位,113340.0,114009.58769230767,114043.84307692306,703.8430769230617,否
IN0376,B6T0000001146,E3,2,3,16,3,浅位,119400.0,119400.0,119413.55692307692,13.556923076917883,否
IN0376,B6T0000001146,E3,2,3,16,3,深位,119400.0,119421.11384615385,119434.67076923077,34.6707692307682,否
IN0376,B6T0000001146,E3,2,4,16,3,浅位,119400.0,119442.2276923077,119455.78461538462,55.78461538461852,否
IN0376,B6T0000001146,E3,2,4,16,3,深位,119400.0,119463.34153846155,119476.89846153847,76.89846153846884,否
IN0376,B6T0000001146,E3,2,3,20,3,浅位,119400.0,119484.4553846154,119500.47384615387,100.47384615386545,否
IN0376,B6T0000001146,E3,2,3,20,3,深位,119400.0,119510.49230769233,119526.5107692308,126.51076923079381,否
IN0376,B6T0000001146,E3,2,4,20,3,浅位,119400.0,119536.52923076926,119552.54769230772,152.54769230772217,否
IN0376,B6T0000001146,E3,2,4,20,3,深位,119400.0,119562.56615384619,119578.58461538465,178.58461538465053,否
IN0376,B6T0000001146,E3,2,4,14,37,浅位,119400.0,119588.60307692311,119606.36923076927,206.36923076926905,否
IN0376,B6T0000001146,E3,2,4,14,37,深位,119400.0,119618.13538461542,119635.90153846158,235.90153846157773,否
IN0221,B6T0000000642,E3,2,4,23,3,浅位,119400.0,119647.66769230773,119665.53230769235,265.53230769235233,否
IN0221,B6T0000000642,E3,2,4,23,3,深位,119400.0,119677.39692307696,119695.26153846158,295.2615384615783,否
IN0221,B6T0000000642,E3,2,3,13,61,深位,119400.0,119707.12615384618,119728.11692307696,328.1169230769592,否
IN0073,B6T0000000204,E4,2,3,48,4,深位,122640.0,122640.0,122674.25538461539,34.25538461538963,否
IN0073,B6T0000000204,E4,2,4,48,4,浅位,122640.0,122702.51076923076,122736.76615384615,96.76615384615434,否
IN0073,B6T0000000204,E4,2,4,48,4,深位,122640.0,122765.02153846153,122799.27692307692,159.27692307691905,否
IN0073,B6T0000000204,E4,2,3,43,30,深位,122640.0,122827.5323076923,122862.10153846153,222.10153846153116,否
IN0073,B6T0000000204,E4,2,3,47,14,深位,122640.0,122890.67076923075,122925.7569230769,285.7569230769004,否
IN0402,B6T0000001220,E3,2,3,9,4,浅位,124200.0,124200.0,124209.40923076923,9.409230769233545,否
IN0402,B6T0000001220,E3,2,3,9,4,深位,124200.0,124212.81846153847,124222.2276923077,22.227692307700636,否
IN0402,B6T0000001220,E3,2,4,9,4,浅位,124200.0,124225.63692307693,124235.04615384617,35.046153846167726,否
IN0402,B6T0000001220,E3,2,4,9,4,深位,124200.0,124238.4553846154,124247.86461538463,47.86461538463482,否
IN0402,B6T0000001220,E3,2,4,13,61,浅位,124200.0,124251.27384615387,124272.26461538464,72.26461538464355,否
IN0402,B6T0000001220,E3,2,4,13,61,深位,124200.0,124287.2553846154,124308.24615384618,108.24615384617937,否
IN0402,B6T0000001220,E3,2,3,12,65,浅位,124200.0,124323.23692307694,124344.25230769232,144.2523076923244,否
IN0402,B6T0000001220,E3,2,3,12,65,深位,124200.0,124359.26769230771,124380.2830769231,180.28307692309318,否
IN0402,B6T0000001220,E3,2,4,12,65,浅位,124200.0,124395.29846153848,124416.31384615386,216.31384615386196,否
IN0402,B6T0000001220,E3,2,4,12,65,深位,124200.0,124431.32923076925,124452.34461538463,252.34461538463074,否
IN0402,B6T0000001220,E3,2,3,14,58,浅位,124200.0,124467.36000000002,124488.48615384617,288.48615384617005,否
IN0402,B6T0000001220,E3,2,3,14,58,深位,124200.0,124503.61230769232,124524.73846153848,324.7384615384799,否
IN0402,B6T0000001220,E3,2,4,14,58,浅位,124200.0,124539.86461538463,124560.99076923079,360.99076923078974,否
IN0402,B6T0000001220,E3,2,4,14,58,深位,124200.0,124576.11692307694,124597.2430769231,397.2430769230996,否
IN0402,B6T0000001220,E3,2,3,13,62,浅位,124200.0,124612.36923076925,124633.52000000002,433.5200000000186,否
IN0402,B6T0000001220,E3,2,3,13,62,深位,124200.0,124648.6707692308,124669.82153846156,469.82153846156143,否
IN0402,B6T0000001220,E3,2,4,13,62,浅位,124200.0,124684.97230769234,124706.1230769231,506.12307692310424,否
IN0402,B6T0000001220,E3,2,4,13,62,深位,124200.0,124721.27384615388,124742.42461538465,542.424615384647,否
IN0402,B6T0000001220,E3,2,3,12,66,浅位,124200.0,124757.57538461543,124778.75076923081,578.7507692308136,否
IN0402,B6T0000001220,E3,2,3,12,66,深位,124200.0,124793.9261538462,124815.10153846159,615.1015384615894,否
IN0402,B6T0000001220,E3,2,4,12,66,浅位,124200.0,124830.27692307698,124851.45230769237,651.4523076923651,否
IN0402,B6T0000001220,E3,2,4,12,66,深位,124200.0,124866.62769230775,124887.80307692314,687.8030769231409,否
IN0402,B6T0000001220,E3,2,3,18,43,深位,124200.0,124902.97846153853,124924.16615384622,724.1661538462213,否
IN0402,B6T0000001220,E3,2,3,14,59,浅位,124200.0,124939.35384615391,124960.64000000007,760.6400000000722,否
IN0402,B6T0000001220,E3,2,3,14,59,深位,124200.0,124975.92615384622,124997.21230769237,797.2123076923745,否
IN0402,B6T0000001220,E3,2,4,14,59,浅位,124200.0,125012.49846153852,125033.78461538468,833.7846153846767,否
IN0402,B6T0000001220,E3,2,4,14,59,深位,124200.0,125049.07076923082,125070.35692307698,870.356923076979,否
IN0402,B6T0000001220,E3,2,3,13,63,浅位,124200.0,125085.64307692312,125106.95384615389,906.9538461538905,否
IN0402,B6T0000001220,E3,2,3,13,63,深位,124200.0,125122.26461538466,125143.57538461543,943.5753846154257,否
IN0402,B6T0000001220,E3,2,4,13,63,浅位,124200.0,125158.8861538462,125180.19692307696,980.196923076961,否
IN0402,B6T0000001220,E3,2,4,13,63,深位,124200.0,125195.50769230773,125216.8184615385,1016.8184615384962,否
IN0402,B6T0000001220,E3,2,3,12,67,浅位,124200.0,125232.12923076926,125253.46461538466,1053.4646153846552,否
IN0402,B6T0000001220,E3,2,3,12,67,深位,124200.0,125268.80000000003,125290.13538461542,1090.1353846154234,否
IN0344,B6T0000001055,E3,2,3,9,4,浅位,126600.0,126600.0,126609.40923076923,9.409230769233545,否
IN0344,B6T0000001055,E3,2,3,9,4,深位,126600.0,126612.81846153847,126622.2276923077,22.227692307700636,否
IN0344,B6T0000001055,E3,2,4,12,67,浅位,126600.0,126625.63692307693,126646.97230769233,46.97230769232556,否
IN0445,B6T0000001349,E1,2,3,3,13,深位,140580.0,140580.0,140588.84923076924,8.849230769235874,是
IN0445,B6T0000001349,E1,2,4,3,13,浅位,140580.0,140599.54461538463,140608.39384615386,28.393846153863706,是
IN0502,B6T0000001507,E1,2,3,4,3,浅位,145440.0,145440.0,145447.55692307692,7.556923076917883,否
IN0502,B6T0000001507,E1,2,3,4,3,深位,145440.0,145449.11384615384,145456.67076923075,16.67076923075365,否
IN0502,B6T0000001507,E1,2,4,4,3,浅位,145440.0,145458.22769230767,145465.7846153846,25.784615384589415,否
IN0079,B6T0000000219,E4,2,3,43,1,浅位,145680.0,145680.0,145709.92923076922,29.929230769223068,否
IN0079,B6T0000000219,E4,2,3,43,1,深位,145680.0,145733.85846153848,145763.7876923077,83.78769230769831,否
IN0079,B6T0000000219,E4,2,4,43,1,浅位,145680.0,145787.71692307695,145817.64615384617,137.64615384617355,否
IN0531,B6T0000001578,E1,2,4,3,13,深位,145800.0,145841.57538461543,145850.42461538466,50.42461538466159,否
IN0531,B6T0000001578,E1,2,4,1,18,深位,145800.0,145853.2738461539,145862.30769230775,62.30769230774604,否
IN0531,B6T0000001578,E1,2,3,1,18,浅位,145800.0,145865.3415384616,145874.37538461544,74.37538461544318,否
IN0531,B6T0000001578,E1,2,4,6,9,浅位,145800.0,145877.4092307693,145886.5415384616,86.54153846160625,否
IN0531,B6T0000001578,E1,2,4,6,9,深位,145800.0,145889.67384615392,145898.80615384624,98.80615384623525,否
IN0079,B6T0000000219,E4,2,4,43,1,深位,145680.0,145901.93846153855,145931.86769230777,251.8676923077728,否
IN0079,B6T0000000219,E4,2,3,49,11,深位,145680.0,145955.79692307702,145991.94153846163,311.94153846162953,否
IN0079,B6T0000000219,E4,2,3,43,46,深位,145680.0,146022.08615384626,146059.2153846155,379.2153846154979,否
IN0079,B6T0000000219,E4,2,4,45,39,深位,145680.0,146090.34461538473,146127.8923076924,447.8923076924111,否
IN0079,B6T0000000219,E4,2,3,43,49,浅位,145680.0,146159.44000000012,146197.04923076936,517.0492307693639,否
IN0079,B6T0000000219,E4,2,3,43,49,深位,145680.0,146228.65846153858,146266.26769230783,586.2676923078252,否
IN0079,B6T0000000219,E4,2,4,43,49,浅位,145680.0,146297.87692307704,146335.4861538463,655.4861538462865,否
IN0079,B6T0000000219,E4,2,4,43,49,深位,145680.0,146367.0953846155,146404.70461538475,724.7046153847477,否
IN0079,B6T0000000219,E4,2,3,43,50,浅位,145680.0,146436.31384615396,146474.08307692318,794.0830769231834,否
IN0033,B6T0000000102,E4,2,3,43,50,深位,145740.0,146505.85230769243,146543.62153846165,803.6215384616517,否
IN0033,B6T0000000102,E4,2,4,43,50,浅位,145740.0,146575.3907692309,146613.16000000012,873.1600000001199,否
IN0152,B6T0000000447,E3,2,3,18,5,浅位,168840.0,168840.0,168855.1076923077,15.107692307705292,否
IN0152,B6T0000000447,E3,2,3,18,5,深位,168840.0,168864.21538461538,168879.3230769231,39.323076923086774,否
IN0152,B6T0000000447,E3,2,4,18,5,浅位,168840.0,168888.43076923076,168903.53846153847,63.538461538468255,否
IN0152,B6T0000000447,E3,2,4,18,5,深位,168840.0,168912.64615384614,168927.75384615385,87.75384615384974,否
IN0152,B6T0000000447,E3,2,3,18,28,浅位,168840.0,168936.86153846153,168955.64923076922,115.64923076922423,否
IN0152,B6T0000000447,E3,2,3,18,28,深位,168840.0,168968.43692307692,168987.22461538462,147.22461538462085,否
IN0152,B6T0000000447,E3,2,4,12,67,深位,168840.0,169000.01230769232,169021.3476923077,181.34769230769598,否
IN0152,B6T0000000447,E3,2,3,14,60,浅位,168840.0,169036.6830769231,169058.12923076926,218.1292307692638,否
IN0662,B6T0000001988,E1,2,3,5,12,浅位,170640.0,170640.0,170649.3046153846,9.304615384608041,否
IN0662,B6T0000001988,E1,2,3,4,28,浅位,170640.0,170652.60923076925,170664.16615384616,24.16615384616307,否
IN0662,B6T0000001988,E1,2,3,1,35,浅位,170640.0,170669.72307692308,170681.47692307693,41.47692307693069,否
IN0662,B6T0000001988,E1,2,3,1,35,深位,170640.0,170687.23076923078,170698.98461538463,58.98461538463016,否
IN0624,B6T0000001854,E1,2,4,1,35,浅位,171840.0,171840.0,171851.75384615385,11.753846153849736,否
IN0624,B6T0000001854,E1,2,4,3,52,浅位,171840.0,171857.5076923077,171872.59692307693,32.59692307692603,否
IN0624,B6T0000001854,E1,2,4,3,52,深位,171840.0,171881.68615384615,171896.77538461538,56.77538461537915,否
IN0624,B6T0000001854,E1,2,3,1,59,深位,171840.0,171905.8646153846,171921.45846153845,81.45846153845196,否
IN0624,B6T0000001854,E1,2,4,1,59,浅位,171840.0,171931.0523076923,171946.64615384614,106.64615384614444,否
IN0624,B6T0000001854,E1,2,4,1,59,深位,171840.0,171956.24,171971.83384615384,131.83384615383693,否
IN0624,B6T0000001854,E1,2,3,1,60,浅位,171840.0,171981.42769230768,171997.18153846153,157.1815384615329,否
IN0624,B6T0000001854,E1,2,3,1,60,深位,171840.0,172006.93538461538,172022.68923076923,182.68923076923238,否
IN0624,B6T0000001854,E1,2,4,1,60,浅位,171840.0,172032.44307692308,172048.19692307693,208.19692307693185,否
IN0624,B6T0000001854,E1,2,4,1,60,深位,171840.0,172057.95076923078,172073.70461538463,233.70461538463132,否
IN0624,B6T0000001854,E1,2,3,2,59,浅位,171840.0,172083.45846153848,172099.36000000002,259.36000000001513,否
IN0624,B6T0000001854,E1,2,3,2,59,深位,171840.0,172109.26153846155,172125.16307692308,285.1630769230833,否
IN0624,B6T0000001854,E1,2,4,2,59,浅位,171840.0,172135.06461538462,172150.96615384615,310.9661538461514,否
IN0624,B6T0000001854,E1,2,4,2,59,深位,171840.0,172160.8676923077,172176.76923076922,336.7692307692196,否
IN0624,B6T0000001854,E1,2,3,1,61,浅位,171840.0,172186.67076923075,172202.5846153846,362.5846153846069,否
IN0624,B6T0000001854,E1,2,3,1,61,深位,171840.0,172212.49846153846,172228.4123076923,388.41230769231333,否
IN0624,B6T0000001854,E1,2,4,1,61,浅位,171840.0,172238.32615384617,172254.24000000002,414.2400000000198,否
IN0624,B6T0000001854,E1,2,4,1,61,深位,171840.0,172264.15384615387,172280.06769230773,440.06769230772625,否
IN0624,B6T0000001854,E1,2,3,3,58,浅位,171840.0,172289.98153846158,172306.0307692308,466.0307692307979,否
IN0624,B6T0000001854,E1,2,3,3,58,深位,171840.0,172316.08000000005,172332.12923076926,492.1292307692638,否
IN0624,B6T0000001854,E1,2,4,3,58,浅位,171840.0,172342.1784615385,172358.22769230773,518.2276923077297,否
IN0624,B6T0000001854,E1,2,4,3,58,深位,171840.0,172368.27692307698,172384.3261538462,544.3261538461957,否
IN0624,B6T0000001854,E1,2,3,2,60,浅位,171840.0,172394.37538461544,172410.43692307698,570.4369230769807,否
IN0624,B6T0000001854,E1,2,3,2,60,深位,171840.0,172420.49846153852,172436.56000000006,596.5600000000559,否
IN0624,B6T0000001854,E1,2,4,2,60,浅位,171840.0,172446.6215384616,172462.68307692313,622.683076923131,否
IN0624,B6T0000001854,E1,2,4,2,60,深位,171840.0,172472.74461538467,172488.8061538462,648.8061538462061,否
IN0580,B6T0000001724,E1,2,3,2,4,浅位,178740.0,178740.0,178747.10153846155,7.101538461545715,否
IN0580,B6T0000001724,E1,2,3,2,4,深位,178740.0,178748.2030769231,178755.30461538464,15.304615384637145,否
IN0580,B6T0000001724,E1,2,4,2,4,浅位,178740.0,178756.40615384618,178763.50769230773,23.507692307728576,否
IN0580,B6T0000001724,E1,2,4,2,4,深位,178740.0,178764.60923076927,178771.71076923082,31.710769230820006,否
IN0580,B6T0000001724,E1,2,3,1,10,浅位,178740.0,178772.81230769237,178780.56615384622,40.56615384621546,否
IN0580,B6T0000001724,E1,2,3,1,10,深位,178740.0,178782.32000000007,178790.07384615391,50.07384615391493,否
IN0580,B6T0000001724,E1,2,4,1,10,浅位,178740.0,178791.82769230776,178799.5815384616,59.5815384616144,否
IN0269,B6T0000000810,E3,2,3,9,17,浅位,179580.0,179580.0,179591.48923076922,11.48923076922074,否
IN0269,B6T0000000810,E3,2,3,9,17,深位,179580.0,179596.97846153847,179608.4676923077,28.467692307691323,否
IN0269,B6T0000000810,E3,2,4,9,17,浅位,179580.0,179613.95692307694,179625.44615384616,45.446153846161906,否
IN0269,B6T0000000810,E3,2,4,9,17,深位,179580.0,179630.9353846154,179642.42461538463,62.42461538463249,否
IN0269,B6T0000000810,E3,2,3,15,5,浅位,179580.0,179647.91384615388,179661.17538461543,81.17538461543154,否
IN0269,B6T0000000810,E3,2,3,15,5,深位,179580.0,179668.43692307695,179681.6984615385,101.69846153850085,否
IN0269,B6T0000000810,E3,2,4,15,5,浅位,179580.0,179688.96000000002,179702.22153846157,122.22153846157016,否
IN0269,B6T0000000810,E3,2,4,15,5,深位,179580.0,179709.4830769231,179722.74461538464,142.74461538463947,否
IN0269,B6T0000000810,E3,2,3,21,3,浅位,179580.0,179730.00615384616,179746.64,166.64000000001397,否
IN0269,B6T0000000810,E3,2,3,21,3,深位,179580.0,179757.27384615384,179773.9076923077,193.90769230769365,否
IN0269,B6T0000000810,E3,2,4,21,3,浅位,179580.0,179784.54153846152,179801.17538461537,221.17538461537333,否
IN0269,B6T0000000810,E3,2,4,21,3,深位,179580.0,179811.8092307692,179828.44307692305,248.443076923053,否
IN0269,B6T0000000810,E3,2,3,24,6,浅位,179580.0,179839.07692307688,179858.03692307687,278.03692307687015,否
IN0269,B6T0000000810,E3,2,3,24,6,深位,179580.0,179870.9969230769,179889.95692307688,309.95692307688296,否
IN0269,B6T0000000810,E3,2,4,24,6,浅位,179580.0,179902.9169230769,179921.8769230769,341.87692307689576,否
IN0269,B6T0000000810,E3,2,4,24,6,深位,179580.0,179934.83692307692,179953.7969230769,373.79692307690857,否
IN0269,B6T0000000810,E3,2,3,14,60,深位,179580.0,179966.75692307693,179988.2030769231,408.20307692309143,否
IN0269,B6T0000000810,E3,2,4,14,60,浅位,179580.0,180003.64923076922,180025.0953846154,445.09538461538614,否
IN0269,B6T0000000810,E3,2,4,14,60,深位,179580.0,180040.54153846152,180061.98769230768,481.98769230768085,否
IN0269,B6T0000000810,E3,2,3,13,64,浅位,179580.0,180077.4338461538,180098.90461538458,518.9046153845848,否
IN0269,B6T0000000810,E3,2,3,13,64,深位,179580.0,180114.37538461536,180135.84615384613,555.846153846127,否
IN0269,B6T0000000810,E3,2,4,13,64,浅位,179580.0,180151.3169230769,180172.78769230767,592.7876923076692,否
IN0269,B6T0000000810,E3,2,4,13,64,深位,179580.0,180188.25846153844,180209.7292307692,629.7292307692114,否
IN0269,B6T0000000810,E3,2,3,12,68,浅位,179580.0,180225.19999999998,180246.69538461536,666.6953846153629,否
IN0269,B6T0000000810,E3,2,3,12,68,深位,179580.0,180262.19076923074,180283.68615384612,703.6861538461235,否
IN0269,B6T0000000810,E3,2,4,12,68,浅位,179580.0,180299.1815384615,180320.67692307688,740.6769230768841,否
IN0269,B6T0000000810,E3,2,4,12,68,深位,179580.0,180336.17230769226,180357.66769230764,777.6676923076448,否
IN0269,B6T0000000810,E3,2,3,29,3,浅位,179580.0,180373.16307692303,180394.71999999994,814.719999999943,否
IN0269,B6T0000000810,E3,2,3,29,3,深位,179580.0,180410.27692307686,180431.83384615378,851.8338461537787,否
IN0269,B6T0000000810,E3,2,3,15,57,浅位,179580.0,180447.3907692307,180468.97230769222,888.9723076922237,否
IN0269,B6T0000000810,E3,2,3,15,57,深位,179580.0,180484.55384615378,180506.1353846153,926.135384615307,否
IN0269,B6T0000000810,E3,2,4,15,57,浅位,179580.0,180521.71692307686,180543.2984615384,963.2984615383903,否
IN0269,B6T0000000810,E3,2,4,15,57,深位,179580.0,180558.87999999995,180580.46153846147,1000.4615384614735,是
IN0269,B6T0000000810,E3,2,3,14,61,浅位,179580.0,180602.04307692303,180623.6492307692,1043.6492307691951,是
IN0269,B6T0000000810,E3,2,3,14,61,深位,179580.0,180645.25538461533,180666.8615384615,1086.8615384614968,否
IN0269,B6T0000000810,E3,2,4,14,61,浅位,179580.0,180682.46769230763,180704.0738461538,1124.0738461537985,否
IN0269,B6T0000000810,E3,2,4,14,61,深位,179580.0,180719.67999999993,180741.2861538461,1161.2861538461002,否
IN0269,B6T0000000810,E3,2,3,13,65,浅位,179580.0,180756.89230769224,180778.523076923,1198.523076923011,否
IN0269,B6T0000000810,E3,2,3,13,65,深位,179580.0,180794.1538461538,180815.78461538456,1235.7846153845603,否
IN0262,B6T0000000776,E3,2,3,9,12,浅位,183660.0,183660.0,183670.68923076923,10.689230769232381,否
IN0262,B6T0000000776,E3,2,3,9,12,深位,183660.0,183675.37846153846,183686.0676923077,26.067692307697143,否
IN0222,B6T0000000643,E3,2,4,9,12,浅位,184740.0,184740.0,184750.68923076923,10.689230769232381,否
IN0222,B6T0000000643,E3,2,4,9,12,深位,184740.0,184755.37846153846,184766.0676923077,26.067692307697143,否
IN0222,B6T0000000643,E3,2,4,13,65,浅位,184740.0,184770.75692307693,184792.3876923077,52.38769230770413,否
IN0578,B6T0000001714,E1,2,4,1,10,深位,194340.0,194340.0,194347.75384615385,7.753846153849736,否
IN0578,B6T0000001714,E1,2,3,6,7,浅位,194340.0,194349.5076923077,194358.32,18.320000000006985,否
IN0578,B6T0000001714,E1,2,3,6,7,深位,194340.0,194361.1323076923,194369.94461538462,29.94461538462201,否
IN0226,B6T0000000659,E3,2,3,9,9,浅位,204900.0,204900.0,204910.20923076922,10.209230769221904,否
IN0226,B6T0000000659,E3,2,3,9,9,深位,204900.0,204914.41846153847,204924.6276923077,24.627692307694815,否
IN0226,B6T0000000659,E3,2,4,9,9,浅位,204900.0,204928.83692307695,204939.04615384617,39.046153846167726,否
IN0226,B6T0000000659,E3,2,4,9,9,深位,204900.0,204943.25538461542,204953.46461538464,53.46461538464064,否
IN0226,B6T0000000659,E3,2,3,15,6,浅位,204900.0,204957.6738461539,204971.09538461544,71.09538461544435,否
IN0246,B6T0000000724,E3,2,3,12,7,浅位,209760.0,209760.0,209771.73538461537,11.735384615371004,否
IN0246,B6T0000000724,E3,2,3,12,7,深位,209760.0,209777.47076923077,209789.20615384614,29.206153846142115,否
IN0246,B6T0000000724,E3,2,4,12,7,浅位,209760.0,209794.94153846154,209806.6769230769,46.676923076913226,否
IN0246,B6T0000000724,E3,2,4,12,7,深位,209760.0,209812.4123076923,209824.14769230768,64.14769230768434,否
IN0246,B6T0000000724,E3,2,3,13,14,浅位,209760.0,209829.88307692308,209843.35384615386,83.35384615385556,否
IN0333,B6T0000001029,E3,2,3,13,5,浅位,219120.0,219120.0,219132.03076923077,12.030769230768783,否
IN0333,B6T0000001029,E3,2,3,13,5,深位,219120.0,219138.06153846154,219150.0923076923,30.09230769230635,否
IN0333,B6T0000001029,E3,2,4,13,5,浅位,219120.0,219156.12307692308,219168.15384615384,48.153846153843915,否
IN0333,B6T0000001029,E3,2,4,13,5,深位,219120.0,219174.1846153846,219186.21538461538,66.21538461538148,否
IN0333,B6T0000001029,E3,2,3,13,14,深位,219120.0,219192.24615384615,219205.71692307692,85.71692307692138,否
IN0333,B6T0000001029,E3,2,4,13,14,浅位,219120.0,219213.1876923077,219226.65846153846,106.6584615384636,否
IN0333,B6T0000001029,E3,2,4,13,14,深位,219120.0,219234.12923076923,219247.6,127.60000000000582,否
IN0333,B6T0000001029,E3,2,3,19,27,浅位,219120.0,219255.07076923078,219274.31384615385,154.3138461538474,否
IN0333,B6T0000001029,E3,2,3,19,27,深位,219120.0,219287.55692307692,219306.8,186.79999999998836,否
IN0333,B6T0000001029,E3,2,4,19,27,浅位,219120.0,219320.04307692306,219339.28615384613,219.2861538461293,否
IN0333,B6T0000001029,E3,2,4,19,27,深位,219120.0,219352.5292307692,219371.77230769227,251.77230769227026,否
IN0333,B6T0000001029,E3,2,3,22,19,浅位,219120.0,219385.01538461534,219404.82461538457,284.82461538456846,否
IN0065,B6T0000000178,E4,2,3,48,14,浅位,220200.0,220200.0,220235.8553846154,35.85538461539545,否
IN0065,B6T0000000178,E4,2,3,48,14,深位,220200.0,220265.71076923076,220301.56615384616,101.56615384615725,否
IN0065,B6T0000000178,E4,2,4,48,14,浅位,220200.0,220331.42153846152,220367.27692307692,167.27692307691905,否
IN0065,B6T0000000178,E4,2,4,48,14,深位,220200.0,220397.13230769229,220432.98769230768,232.98769230768085,否
IN0065,B6T0000000178,E4,2,4,43,50,深位,220200.0,220462.84307692305,220500.61230769227,300.61230769226677,否
IN0065,B6T0000000178,E4,2,3,43,51,浅位,220200.0,220532.38153846152,220570.31076923074,370.3107692307385,否
IN0065,B6T0000000178,E4,2,3,43,51,深位,220200.0,220602.24,220640.1692307692,440.16923076921375,否
IN0065,B6T0000000178,E4,2,4,43,51,浅位,220200.0,220672.09846153847,220710.0276923077,510.027692307689,否
IN0065,B6T0000000178,E4,2,4,43,51,深位,220200.0,220741.95692307694,220779.88615384616,579.8861538461642,否
IN0065,B6T0000000178,E4,2,3,44,47,浅位,220200.0,220811.81538461542,220849.87384615387,649.8738461538742,否
IN0065,B6T0000000178,E4,2,3,44,47,深位,220200.0,220881.93230769233,220919.9907692308,719.9907692307897,否
IN0065,B6T0000000178,E4,2,4,44,47,浅位,220200.0,220952.04923076925,220990.1076923077,790.1076923077053,否
IN0065,B6T0000000178,E4,2,4,44,47,深位,220200.0,221022.16615384616,221060.22461538462,860.2246153846208,否
IN0065,B6T0000000178,E4,2,3,43,52,浅位,220200.0,221092.28307692308,221130.3723076923,930.3723076923052,否
IN0065,B6T0000000178,E4,2,3,43,52,深位,220200.0,221162.46153846153,221200.55076923076,1000.5507692307583,否
IN0065,B6T0000000178,E4,2,4,43,52,浅位,220200.0,221232.63999999998,221270.7292307692,1070.7292307692114,否
IN0065,B6T0000000178,E4,2,4,43,52,深位,220200.0,221302.81846153844,221340.90769230766,1140.9076923076645,否
IN0065,B6T0000000178,E4,2,3,44,48,浅位,220200.0,221372.9969230769,221411.21538461535,1211.2153846153524,否
IN0065,B6T0000000178,E4,2,3,44,48,深位,220200.0,221443.4338461538,221481.65230769227,1281.652307692275,否
IN0065,B6T0000000178,E4,2,4,44,48,浅位,220200.0,221513.87076923074,221552.0892307692,1352.0892307691975,否
IN0065,B6T0000000178,E4,2,4,44,48,深位,220200.0,221584.30769230766,221622.52615384612,1422.52615384612,否
IN0065,B6T0000000178,E4,2,3,43,53,浅位,220200.0,221654.74461538458,221692.9938461538,1492.9938461538113,否
IN0065,B6T0000000178,E4,2,3,43,53,深位,220200.0,221725.24307692304,221763.49230769227,1563.4923076922714,否
IN0065,B6T0000000178,E4,2,4,43,53,浅位,220200.0,221795.7415384615,221833.99076923073,1633.9907692307315,否
IN0065,B6T0000000178,E4,2,4,43,53,深位,220200.0,221866.23999999996,221904.4892307692,1704.4892307691916,否
IN0074,B6T0000000206,E4,2,3,43,22,浅位,232020.0,232020.0,232053.28923076924,33.2892307692382,否
IN0074,B6T0000000206,E4,2,3,43,22,深位,232020.0,232080.57846153845,232113.8676923077,93.8676923076855,否
IN0550,B6T0000001645,E1,2,4,1,16,浅位,233100.0,233100.0,233108.71384615384,8.713846153841587,否
IN0550,B6T0000001645,E1,2,4,1,16,深位,233100.0,233111.42769230768,233120.14153846152,20.14153846152476,否
IN0550,B6T0000001645,E1,2,4,6,7,浅位,233100.0,233122.85538461537,233131.66769230767,31.66769230767386,否
IN0550,B6T0000001645,E1,2,4,6,7,深位,233100.0,233134.47999999998,233143.2923076923,43.29230769228889,否
IN0550,B6T0000001645,E1,2,3,1,20,浅位,233100.0,233146.1046153846,233155.45846153845,55.45846153845196,否
IN0550,B6T0000001645,E1,2,4,8,13,浅位,233100.0,233158.81230769228,233169.19999999998,69.19999999998254,否
IN0550,B6T0000001645,E1,2,4,8,13,深位,233100.0,233173.58769230766,233183.97538461536,83.97538461536169,否
IN0550,B6T0000001645,E1,2,4,8,21,浅位,233100.0,233188.36307692304,233200.03076923074,100.03076923073968,否
IN0550,B6T0000001645,E1,2,4,8,21,深位,233100.0,233205.6984615384,233217.36615384612,117.3661538461165,否
IN0031,B6T0000000094,E4,2,4,43,22,浅位,257520.0,257520.0,257553.28923076924,33.2892307692382,否
IN0031,B6T0000000094,E4,2,4,43,22,深位,257520.0,257580.57846153845,257613.8676923077,93.8676923076855,否
IN0031,B6T0000000094,E4,2,3,44,49,浅位,257520.0,257641.1569230769,257679.53538461536,159.53538461535936,否
IN0031,B6T0000000094,E4,2,3,44,49,深位,257520.0,257711.91384615382,257750.2923076923,230.2923076922889,否
IN0542,B6T0000001607,E1,2,4,7,28,浅位,257760.0,257782.67076923075,257795.15076923076,35.150769230764126,否
IN0542,B6T0000001607,E1,2,4,7,28,深位,257760.0,257801.63076923075,257814.11076923076,54.11076923075598,否
IN0542,B6T0000001607,E1,2,3,3,38,浅位,257760.0,257820.59076923074,257833.43999999997,73.43999999997322,否
IN0542,B6T0000001607,E1,2,3,3,38,深位,257760.0,257840.2892307692,257853.13846153844,93.13846153844497,否
IN0542,B6T0000001607,E1,2,3,6,49,浅位,257760.0,257859.98769230768,257875.52,115.51999999998952,否
IN0542,B6T0000001607,E1,2,3,6,49,深位,257760.0,257885.0523076923,257900.5846153846,140.58461538460688,否
IN0542,B6T0000001607,E1,2,3,1,62,浅位,257760.0,257910.11692307692,257926.19076923077,166.19076923077228,否
IN0542,B6T0000001607,E1,2,3,1,62,深位,257760.0,257936.2646153846,257952.33846153846,192.3384615384566,否
IN0542,B6T0000001607,E1,2,4,1,62,浅位,257760.0,257962.41230769228,257978.48615384614,218.48615384614095,否
IN0503,B6T0000001508,E1,2,4,1,62,深位,257760.0,257988.55999999997,258004.63384615383,244.6338461538253,否
IN0503,B6T0000001508,E1,2,3,3,59,浅位,257760.0,258014.70769230765,258030.91692307687,270.9169230768748,否
IN0503,B6T0000001508,E1,2,3,3,59,深位,257760.0,258041.12615384613,258057.33538461535,297.3353846153477,否
IN0503,B6T0000001508,E1,2,4,3,59,浅位,257760.0,258067.5446153846,258083.75384615382,323.75384615382063,否
IN0503,B6T0000001508,E1,2,4,3,59,深位,257760.0,258093.96307692307,258110.1723076923,350.17230769229354,否
IN0031,B6T0000000094,E4,2,4,44,49,浅位,257520.0,258120.38153846154,258158.76,638.7600000000093,否
IN0031,B6T0000000094,E4,2,4,44,49,深位,257520.0,258191.13846153847,258229.51692307694,709.5169230769388,否
IN0031,B6T0000000094,E4,2,3,43,54,浅位,257520.0,258261.8953846154,258300.30461538464,780.3046153846371,否
IN0283,B6T0000000848,E3,2,3,22,19,深位,258300.0,258332.71384615387,258352.5230769231,52.523076923098415,否
IN0283,B6T0000000848,E3,2,4,22,19,浅位,258300.0,258366.33230769233,258386.14153846155,86.14153846155386,否
IN0283,B6T0000000848,E3,2,4,22,19,深位,258300.0,258399.95076923078,258419.76,119.76000000000931,否
IN0289,B6T0000000866,E3,2,3,9,17,浅位,259560.0,259560.0,259571.48923076922,11.48923076922074,否
IN0289,B6T0000000866,E3,2,3,9,17,深位,259560.0,259576.97846153847,259588.4676923077,28.467692307691323,否
IN0206,B6T0000000605,E3,2,4,9,17,浅位,259620.0,259620.0,259631.48923076922,11.48923076922074,否
IN0206,B6T0000000605,E3,2,4,9,17,深位,259620.0,259636.97846153847,259648.4676923077,28.467692307691323,否
IN0206,B6T0000000605,E3,2,4,13,65,深位,259620.0,259653.95692307694,259675.58769230772,55.58769230771577,否
IN0206,B6T0000000605,E3,2,3,15,58,浅位,259620.0,259691.2184615385,259712.96000000002,92.96000000002095,否
IN0132,B6T0000000392,E3,2,3,11,9,浅位,269400.0,269400.0,269411.44,11.440000000002328,否
IN0132,B6T0000000392,E3,2,3,11,9,深位,269400.0,269416.88,269428.32,28.320000000006985,否
IN0133,B6T0000000393,E3,2,4,11,9,浅位,269520.0,269520.0,269531.44,11.440000000002328,否
IN0133,B6T0000000393,E3,2,4,11,9,深位,269520.0,269536.88,269548.32,28.320000000006985,否
IN0133,B6T0000000393,E3,2,3,15,1,浅位,269520.0,269553.76,269566.38153846154,46.38153846154455,否
IN0133,B6T0000000393,E3,2,3,15,1,深位,269520.0,269573.0030769231,269585.6246153846,65.62461538461503,否
IN0133,B6T0000000393,E3,2,4,15,1,浅位,269520.0,269592.24615384615,269604.8676923077,84.8676923076855,否
IN0133,B6T0000000393,E3,2,4,15,1,深位,269520.0,269611.4892307692,269624.11076923076,104.11076923075598,否
IN0133,B6T0000000393,E3,2,3,17,1,深位,269520.0,269630.7323076923,269644.5846153846,124.58461538457777,否
IN0133,B6T0000000393,E3,2,4,17,1,浅位,269520.0,269652.4369230769,269666.2892307692,146.2892307692091,否
IN0133,B6T0000000393,E3,2,4,10,29,浅位,269520.0,269674.14153846155,269688.1661538462,168.16615384619217,否
IN0339,B6T0000001040,E3,2,3,12,11,浅位,277740.0,277740.0,277752.3753846154,12.375384615384974,否
IN0339,B6T0000001040,E3,2,3,12,11,深位,277740.0,277758.75076923077,277771.12615384615,31.12615384615492,否
IN0339,B6T0000001040,E3,2,4,12,11,浅位,277740.0,277777.50153846154,277789.8769230769,49.87692307692487,否
IN0339,B6T0000001040,E3,2,4,12,11,深位,277740.0,277796.2523076923,277808.6276923077,68.62769230769482,否
IN0240,B6T0000000702,E3,2,3,13,5,浅位,280320.0,280320.0,280332.0307692308,12.030769230797887,否
IN0240,B6T0000000702,E3,2,3,13,5,深位,280320.0,280338.06153846154,280350.09230769234,30.092307692335453,否
IN0378,B6T0000001149,E3,2,4,13,5,浅位,287880.0,287880.0,287892.0307692308,12.030769230797887,否
IN0378,B6T0000001149,E3,2,4,13,5,深位,287880.0,287898.06153846154,287910.09230769234,30.092307692335453,否
IN0378,B6T0000001149,E3,2,3,9,26,浅位,287880.0,287916.1230769231,287929.0523076923,49.0523076922982,是
IN0378,B6T0000001149,E3,2,3,9,26,深位,287880.0,287941.9815384615,287954.91076923074,74.91076923074434,是
IN0378,B6T0000001149,E3,2,4,9,26,浅位,287880.0,287967.83999999997,287980.7692307692,100.76923076919047,是
IN0378,B6T0000001149,E3,2,3,13,14,深位,287880.0,287993.6984615384,288007.16923076916,127.16923076915555,是
IN0378,B6T0000001149,E3,2,4,13,14,浅位,287880.0,288020.63999999996,288034.1107692307,154.11076923069777,否
IN0378,B6T0000001149,E3,2,4,13,14,深位,287880.0,288041.5815384615,288055.05230769224,175.05230769224,否
IN0378,B6T0000001149,E3,2,4,10,29,深位,287880.0,288062.52307692304,288076.5476923077,196.54769230767852,否
IN0378,B6T0000001149,E3,2,3,18,5,浅位,287880.0,288084.57230769226,288099.67999999993,219.6799999999348,否
IN0378,B6T0000001149,E3,2,3,18,5,深位,287880.0,288108.78769230767,288123.89538461535,243.8953846153454,否
IN0378,B6T0000001149,E3,2,4,18,5,浅位,287880.0,288133.0030769231,288148.11076923076,268.110769230756,否
IN0071,B6T0000000200,E4,2,4,43,3,深位,308520.0,308520.0,308550.24923076923,30.249230769230053,否
IN0071,B6T0000000200,E4,2,3,43,9,浅位,308520.0,308574.49846153846,308605.7076923077,85.70769230771111,否
IN0071,B6T0000000200,E4,2,3,43,9,深位,308520.0,308630.9169230769,308662.12615384615,142.12615384615492,否
IN0071,B6T0000000200,E4,2,3,45,1,浅位,308520.0,308687.33538461535,308718.80307692307,198.80307692306815,否
IN0071,B6T0000000200,E4,2,3,45,1,深位,308520.0,308744.27076923073,308775.73846153845,255.7384615384508,否
IN0071,B6T0000000200,E4,2,4,45,1,浅位,308520.0,308801.2061538461,308832.67384615383,312.67384615383344,否
IN0170,B6T0000000497,E3,2,3,9,16,浅位,311160.0,311160.0,311171.32923076925,11.329230769246351,否
IN0170,B6T0000000497,E3,2,3,9,16,深位,311160.0,311176.65846153843,311187.9876923077,27.987692307680845,否
IN0387,B6T0000001182,E3,2,4,9,16,浅位,311400.0,311400.0,311411.32923076925,11.329230769246351,否
IN0387,B6T0000001182,E3,2,4,9,16,深位,311400.0,311416.65846153843,311427.9876923077,27.987692307680845,否
IN0387,B6T0000001182,E3,2,3,9,17,浅位,311400.0,311433.31692307687,311444.8061538461,44.80615384608973,否
IN0387,B6T0000001182,E3,2,3,9,17,深位,311400.0,311450.2953846153,311461.78461538453,61.78461538453121,否
IN0387,B6T0000001182,E3,2,3,13,6,浅位,311400.0,311467.27384615375,311479.4646153845,79.46461538452422,否
IN0611,B6T0000001813,E1,2,3,4,3,浅位,312960.0,312960.0,312967.5569230769,7.556923076917883,是
IN0611,B6T0000001813,E1,2,3,4,3,深位,312960.0,312978.81846153847,312986.3753846154,26.375384615384974,是
IN0611,B6T0000001813,E1,2,4,4,3,浅位,312960.0,312997.63692307693,313005.19384615385,45.193846153852064,否
IN0139,B6T0000000416,E3,2,4,9,4,浅位,315300.0,315300.0,315309.4092307692,9.409230769204441,否
IN0139,B6T0000000416,E3,2,4,9,4,深位,315300.0,315312.81846153847,315322.2276923077,22.227692307671532,否
IN0139,B6T0000000416,E3,2,3,10,8,浅位,315300.0,315325.63692307693,315336.3015384615,36.30153846152825,否
IN0141,B6T0000000429,E3,2,3,10,8,深位,318960.0,318960.0,318970.6646153846,10.664615384594072,否
IN0141,B6T0000000429,E3,2,4,10,8,浅位,318960.0,318975.32923076925,318985.99384615384,25.993846153840423,否
IN0234,B6T0000000683,E3,2,4,10,8,深位,319380.0,319380.0,319390.6646153846,10.664615384594072,否
IN0234,B6T0000000683,E3,2,3,13,6,深位,319380.0,319395.32923076925,319407.52,27.520000000018626,否
IN0234,B6T0000000683,E3,2,4,13,6,浅位,319380.0,319413.7107692308,319425.90153846156,45.90153846156318,否
IN0234,B6T0000000683,E3,2,4,13,6,深位,319380.0,319432.09230769234,319444.2830769231,64.28307692310773,否
IN0234,B6T0000000683,E3,2,3,13,11,深位,319380.0,319450.4738461539,319463.46461538464,83.46461538464064,否
IN0234,B6T0000000683,E3,2,4,18,5,深位,319380.0,319470.4553846154,319485.5630769231,105.56307692307746,否
IN0234,B6T0000000683,E3,2,4,23,3,浅位,319380.0,319494.6707692308,319512.5353846154,132.53538461541757,否
IN0587,B6T0000001743,E1,2,3,2,10,浅位,342120.0,342120.0,342128.06153846154,8.061538461537566,否
IN0587,B6T0000001743,E1,2,3,2,10,深位,342120.0,342130.1230769231,342138.1846153846,18.184615384612698,否
IN0511,B6T0000001534,E1,2,4,2,10,浅位,342180.0,342180.0,342188.06153846154,8.061538461537566,否
IN0511,B6T0000001534,E1,2,4,2,10,深位,342180.0,342190.1230769231,342198.1846153846,18.184615384612698,否
IN0511,B6T0000001534,E1,2,3,4,7,浅位,342180.0,342200.24615384615,342208.4430769231,28.443076923082117,否
IN0635,B6T0000001919,E1,2,3,4,7,深位,342180.0,342210.64,342218.83692307695,38.83692307694582,否
IN0635,B6T0000001919,E1,2,4,4,7,浅位,342180.0,342221.0338461539,342229.2307692308,49.23076923080953,否
IN0635,B6T0000001919,E1,2,4,4,7,深位,342180.0,342231.42769230774,342239.6246153847,59.624615384673234,否
IN0635,B6T0000001919,E1,2,3,7,3,浅位,342180.0,342241.8215384616,342250.3015384616,70.30153846158646,否
IN0453,B6T0000001367,E1,2,3,7,3,深位,342540.0,342540.0,342548.48,8.479999999981374,否
IN0453,B6T0000001367,E1,2,4,7,3,浅位,342540.0,342550.96,342559.44,19.44000000000233,否
IN0453,B6T0000001367,E1,2,4,7,3,深位,342540.0,342561.92000000004,342570.4,30.400000000023283,否
IN0453,B6T0000001367,E1,2,4,7,17,浅位,342540.0,342572.88000000006,342583.60000000003,43.600000000034925,否
IN0453,B6T0000001367,E1,2,4,7,17,深位,342540.0,342588.32000000007,342599.04000000004,59.04000000003725,否
IN0453,B6T0000001367,E1,2,3,4,31,浅位,342540.0,342603.76000000007,342615.79692307697,75.79692307696678,否
IN0453,B6T0000001367,E1,2,3,3,54,浅位,342540.0,342621.8338461539,342637.2430769231,97.24307692312868,否
IN0453,B6T0000001367,E1,2,3,3,54,深位,342540.0,342646.6523076924,342662.0615384616,122.06153846159577,否
IN0453,B6T0000001367,E1,2,4,8,45,浅位,342540.0,342671.47076923086,342686.97846153856,146.9784615385579,否
IN0453,B6T0000001367,E1,2,4,8,45,深位,342540.0,342696.48615384626,342711.99384615396,171.99384615395684,否
IN0453,B6T0000001367,E1,2,3,2,61,浅位,342540.0,342721.50153846166,342737.72307692317,197.72307692316826,否
IN0453,B6T0000001367,E1,2,3,2,61,深位,342540.0,342747.94461538474,342764.16615384625,224.16615384625038,否
IN0453,B6T0000001367,E1,2,4,2,61,浅位,342540.0,342774.3876923078,342790.60923076933,250.6092307693325,否
IN0453,B6T0000001367,E1,2,4,2,61,深位,342540.0,342800.8307692309,342817.0523076924,277.0523076924146,否
IN0453,B6T0000001367,E1,2,3,1,63,浅位,342540.0,342827.273846154,342843.5076923078,303.5076923078159,否
IN0453,B6T0000001367,E1,2,3,1,63,深位,342540.0,342853.7415384617,342869.97538461554,329.9753846155363,否
IN0453,B6T0000001367,E1,2,4,1,63,浅位,342540.0,342880.2092307694,342896.44307692326,356.44307692325674,否
IN0453,B6T0000001367,E1,2,4,1,63,深位,342540.0,342906.67692307715,342922.910769231,382.91076923097717,否
IN0453,B6T0000001367,E1,2,4,8,50,深位,342540.0,342933.14461538487,342949.45230769255,409.4523076925543,否
IN0453,B6T0000001367,E1,2,4,7,52,深位,342540.0,342959.76000000024,342976.08000000025,436.08000000024913,否
IN0453,B6T0000001367,E1,2,3,4,58,浅位,342540.0,342986.40000000026,343002.75692307716,462.75692307716236,否
IN0453,B6T0000001367,E1,2,3,4,58,深位,342540.0,343013.1138461541,343029.47076923103,489.47076923103305,否
IN0082,B6T0000000223,E4,2,4,45,1,深位,344160.0,344160.0,344191.4676923077,31.467692307720426,否
IN0082,B6T0000000223,E4,2,4,45,3,浅位,344160.0,344216.9353846154,344248.72307692305,88.72307692305185,否
IN0082,B6T0000000223,E4,2,4,45,3,深位,344160.0,344274.5107692308,344306.29846153845,146.29846153844846,否
IN0202,B6T0000000587,E3,2,4,23,3,深位,344460.0,344460.0,344477.8646153846,17.864615384605713,否
IN0202,B6T0000000587,E3,2,3,19,27,浅位,344460.0,344489.7292307692,344508.9723076923,48.9723076922819,否
IN0121,B6T0000000340,E3,2,3,20,30,浅位,344640.0,344640.0,344660.3384615385,20.338461538485717,否
IN0121,B6T0000000340,E3,2,3,11,68,深位,344640.0,344674.6769230769,344695.5569230769,55.55692307691788,否
IN0121,B6T0000000340,E3,2,4,11,68,浅位,344640.0,344710.4369230769,344731.3169230769,91.3169230769272,否
IN0121,B6T0000000340,E3,2,4,11,68,深位,344640.0,344746.19692307693,344767.07692307694,127.07692307693651,否
IN0125,B6T0000000362,E3,2,4,13,5,浅位,349140.0,349140.0,349152.0307692308,12.030769230797887,否
IN0125,B6T0000000362,E3,2,4,13,5,深位,349140.0,349158.06153846154,349170.09230769234,30.092307692335453,否
IN0125,B6T0000000362,E3,2,3,9,26,浅位,349140.0,349176.1230769231,349189.0523076923,49.0523076922982,否
IN0125,B6T0000000362,E3,2,3,9,26,深位,349140.0,349195.9815384615,349208.91076923074,68.91076923074434,否
IN0641,B6T0000001942,E1,2,3,1,6,浅位,352740.0,352740.0,352747.11384615384,7.113846153835766,否
IN0641,B6T0000001942,E1,2,3,1,6,深位,352740.0,352748.2276923077,352755.3415384615,15.341538461507298,否
IN0641,B6T0000001942,E1,2,4,1,6,浅位,352740.0,352756.45538461534,352763.5692307692,23.56923076917883,否
IN0641,B6T0000001942,E1,2,4,1,6,深位,352740.0,352764.683076923,352771.79692307685,31.796923076850362,否
IN0641,B6T0000001942,E1,2,3,4,3,浅位,352740.0,352772.9107692307,352780.4676923076,40.46769230760401,否
IN0641,B6T0000001942,E1,2,3,4,3,深位,352740.0,352782.0246153845,352789.58153846144,49.58153846143978,否
IN0641,B6T0000001942,E1,2,3,3,13,深位,352740.0,352791.13846153836,352799.98769230756,59.98769230756443,否
IN0641,B6T0000001942,E1,2,4,3,13,浅位,352740.0,352802.83692307683,352811.68615384604,71.68615384603618,否
IN0406,B6T0000001236,E3,2,4,9,26,浅位,358620.0,358620.0,358632.9292307692,12.929230769223068,否
IN0406,B6T0000001236,E3,2,3,9,27,浅位,358620.0,358639.85846153845,358652.9476923077,32.9476923077018,否
IN0406,B6T0000001236,E3,2,3,9,27,深位,358620.0,358660.0369230769,358673.12615384615,53.12615384615492,否
IN0406,B6T0000001236,E3,2,4,9,27,浅位,358620.0,358680.21538461535,358693.3046153846,73.30461538460804,否
IN0406,B6T0000001236,E3,2,3,13,14,深位,358620.0,358700.3938461538,358713.86461538455,93.8646153845475,否
IN0406,B6T0000001236,E3,2,4,13,14,浅位,358620.0,358721.33538461535,358734.8061538461,114.80615384608973,否
IN0406,B6T0000001236,E3,2,4,13,14,深位,358620.0,358742.2769230769,358755.74769230763,135.74769230763195,否
IN0406,B6T0000001236,E3,2,3,16,4,浅位,358620.0,358763.21846153843,358776.9353846154,156.93538461538265,否
IN0406,B6T0000001236,E3,2,4,10,29,深位,358620.0,358784.6523076923,358798.6769230769,178.67692307691323,否
IN0406,B6T0000001236,E3,2,4,11,33,浅位,358620.0,358806.7015384615,358821.9815384615,201.98153846152127,否
IN0406,B6T0000001236,E3,2,4,11,33,深位,358620.0,358831.2615384615,358846.5415384615,226.54153846151894,否
IN0406,B6T0000001236,E3,2,3,15,58,深位,358620.0,358855.8215384615,358877.563076923,257.56307692301925,否
IN0406,B6T0000001236,E3,2,4,15,58,浅位,358620.0,358893.30461538455,358915.0461538461,295.0461538460804,否
IN0212,B6T0000000616,E3,2,3,14,4,浅位,379440.0,379440.0,379452.48615384614,12.486153846140951,否
IN0212,B6T0000000616,E3,2,3,14,4,深位,379440.0,379458.9723076923,379471.4584615384,31.458461538422853,否
IN0247,B6T0000000725,E3,2,4,14,4,浅位,383760.0,383760.0,383772.48615384614,12.486153846140951,否
IN0247,B6T0000000725,E3,2,3,15,6,深位,383760.0,383778.9723076923,383792.3938461538,32.3938461538055,否
IN0247,B6T0000000725,E3,2,4,15,6,浅位,383760.0,383799.8153846154,383813.2369230769,53.2369230769109,否
IN0247,B6T0000000725,E3,2,4,15,6,深位,383760.0,383820.6584615385,383834.08,74.0800000000163,否
IN0247,B6T0000000725,E3,2,4,15,58,深位,383760.0,383841.5015384616,383863.2430769231,103.24307692312868,否
IN0247,B6T0000000725,E3,2,3,14,62,浅位,383760.0,383878.98461538466,383900.7507692308,140.75076923082815,否
IN0247,B6T0000000725,E3,2,3,14,62,深位,383760.0,383916.51692307694,383938.2830769231,178.28307692310773,否
IN0247,B6T0000000725,E3,2,4,14,62,浅位,383760.0,383954.0492307692,383975.8153846154,215.8153846153873,否
IN0247,B6T0000000725,E3,2,4,14,62,深位,383760.0,383991.5815384615,384013.34769230767,253.34769230766688,否
IN0247,B6T0000000725,E3,2,3,13,66,浅位,383760.0,384029.1138461538,384050.9046153845,290.90461538452655,否
IN0247,B6T0000000725,E3,2,3,13,66,深位,383760.0,384066.69538461533,384088.4861538461,328.48615384608274,否
IN0247,B6T0000000725,E3,2,4,13,66,浅位,383760.0,384104.2769230769,384126.06769230764,366.06769230763894,否
IN0636,B6T0000001922,E1,2,3,2,10,浅位,384900.0,384900.0,384908.06153846154,8.061538461537566,否
IN0636,B6T0000001922,E1,2,3,2,10,深位,384900.0,384910.1230769231,384918.1846153846,18.184615384612698,否
IN0636,B6T0000001922,E1,2,4,7,5,深位,384900.0,384920.24615384615,384929.04615384614,29.046153846138623,否
IN0636,B6T0000001922,E1,2,3,4,11,浅位,384900.0,384931.8461538461,384940.6830769231,40.683076923072804,否
IN0636,B6T0000001922,E1,2,3,1,19,浅位,384900.0,384943.51999999996,384952.7138461538,52.71384615381248,否
IN0636,B6T0000001922,E1,2,3,7,20,浅位,384900.0,384955.90769230766,384967.1076923077,67.10769230767619,否
IN0594,B6T0000001767,E1,2,4,5,2,浅位,387000.0,387000.0,387007.70461538463,7.704615384631325,否
IN0594,B6T0000001767,E1,2,4,5,2,深位,387000.0,387009.4092307692,387017.11384615384,17.113846153835766,否
IN0594,B6T0000001767,E1,2,3,8,8,深位,387000.0,387018.8184615384,387028.4061538461,28.406153846124653,否
IN0218,B6T0000000633,E3,2,3,16,3,浅位,391500.0,391500.0,391513.5569230769,13.556923076917883,否
IN0218,B6T0000000633,E3,2,3,16,3,深位,391500.0,391521.11384615384,391534.67076923075,34.67076923075365,否
IN0218,B6T0000000633,E3,2,4,16,3,浅位,391500.0,391542.2276923077,391555.7846153846,55.784615384589415,否
IN0426,B6T0000001299,E3,2,4,16,3,深位,393960.0,393960.0,393973.5569230769,13.556923076917883,否
IN0426,B6T0000001299,E3,2,4,13,66,深位,393960.0,393981.11384615384,394002.9046153846,42.90461538458476,否
IN0426,B6T0000001299,E3,2,3,15,59,浅位,393960.0,394018.6953846154,394040.59692307696,80.59692307695514,否
IN0426,B6T0000001299,E3,2,3,15,59,深位,393960.0,394056.49846153846,394078.4,118.40000000002328,否
IN0426,B6T0000001299,E3,2,4,15,59,浅位,393960.0,394094.3015384615,394116.2030769231,156.20307692309143,否
IN0426,B6T0000001299,E3,2,4,15,59,深位,393960.0,394132.1046153846,394154.00615384616,194.00615384615958,否
IN0426,B6T0000001299,E3,2,3,14,63,浅位,393960.0,394169.90769230766,394191.8338461538,231.83384615380783,否
IN0625,B6T0000001858,E1,2,3,6,14,浅位,398220.0,398220.0,398229.9323076923,9.932307692302857,否
IN0625,B6T0000001858,E1,2,3,7,20,深位,398220.0,398233.8646153846,398245.0646153846,25.064615384617355,否
IN0625,B6T0000001858,E1,2,4,7,20,浅位,398220.0,398250.2646153846,398261.46461538464,41.46461538464064,否
IN0625,B6T0000001858,E1,2,4,7,20,深位,398220.0,398266.66461538465,398277.86461538466,57.86461538466392,否
IN0625,B6T0000001858,E1,2,3,7,35,浅位,398220.0,398283.0646153847,398296.66461538465,76.66461538465228,否
IN0625,B6T0000001858,E1,2,3,7,35,深位,398220.0,398304.2646153847,398317.86461538466,97.86461538466392,否
IN0625,B6T0000001858,E1,2,4,7,35,浅位,398220.0,398325.4646153847,398339.0646153847,119.06461538467556,否
IN0625,B6T0000001858,E1,2,4,4,58,浅位,398220.0,398346.6646153847,398363.0215384616,143.02153846161673,否
IN0625,B6T0000001858,E1,2,4,4,58,深位,398220.0,398373.3784615386,398389.7353846155,169.73538461548742,否
IN0625,B6T0000001858,E1,2,3,3,60,浅位,398220.0,398400.09230769245,398416.4615384617,196.46153846167726,否
IN0625,B6T0000001858,E1,2,3,3,60,深位,398220.0,398426.8307692309,398443.2000000001,223.20000000012806,否
IN0625,B6T0000001858,E1,2,4,3,60,浅位,398220.0,398453.56923076935,398469.9384615386,249.93846153857885,否
IN0625,B6T0000001858,E1,2,4,3,60,深位,398220.0,398480.3076923078,398496.67692307703,276.67692307702964,否
IN0095,B6T0000000267,E4,2,3,43,3,浅位,404520.0,404520.0,404550.24923076923,30.249230769230053,否
IN0095,B6T0000000267,E4,2,3,43,3,深位,404520.0,404574.49846153846,404604.7476923077,84.74769230769016,否
IN0382,B6T0000001165,E3,2,3,9,3,浅位,404580.0,404628.9969230769,404638.24615384615,58.246153846150264,否
IN0382,B6T0000001165,E3,2,3,9,3,深位,404580.0,404641.4953846154,404650.7446153846,70.74461538461037,否
IN0382,B6T0000001165,E3,2,3,10,1,浅位,404580.0,404653.99384615384,404663.53846153844,83.53846153843915,否
IN0382,B6T0000001165,E3,2,3,10,1,深位,404580.0,404667.0830769231,404676.6276923077,96.62769230769482,否
IN0382,B6T0000001165,E3,2,4,10,1,浅位,404580.0,404680.17230769235,404689.71692307695,109.71692307695048,否
IN0382,B6T0000001165,E3,2,4,10,1,深位,404580.0,404693.2615384616,404702.8061538462,122.80615384620614,否
IN0382,B6T0000001165,E3,2,3,14,63,深位,404580.0,404706.35076923086,404728.276923077,148.27692307700636,否
IN0382,B6T0000001165,E3,2,4,14,63,浅位,404580.0,404744.20307692315,404766.1292307693,186.12923076929292,否
IN0382,B6T0000001165,E3,2,4,14,63,深位,404580.0,404782.05538461544,404803.9815384616,223.98153846157948,否
IN0382,B6T0000001165,E3,2,3,13,67,浅位,404580.0,404819.9076923077,404841.8584615385,261.85846153850434,否
IN0382,B6T0000001165,E3,2,3,13,67,深位,404580.0,404857.8092307693,404879.76000000007,299.7600000000675,否
IN0095,B6T0000000267,E4,2,4,43,8,深位,404520.0,404895.71076923085,404926.76000000007,406.7600000000675,否
IN0095,B6T0000000267,E4,2,4,43,9,浅位,404520.0,404951.8092307693,404983.01846153854,463.01846153853694,否
IN0452,B6T0000001365,E1,2,3,2,9,浅位,405000.0,405008.22769230773,405016.1292307693,16.129230769292917,否
IN0452,B6T0000001365,E1,2,3,2,9,深位,405000.0,405018.0307692308,405025.93230769236,25.932307692361064,否
IN0452,B6T0000001365,E1,2,4,2,9,浅位,405000.0,405027.83384615387,405035.73538461543,35.73538461542921,否
IN0095,B6T0000000267,E4,2,4,43,9,深位,404520.0,405037.63692307693,405068.8461538462,548.8461538461852,否
IN0095,B6T0000000267,E4,2,3,43,10,浅位,404520.0,405094.0553846154,405125.4246153846,605.4246153846034,否
IN0095,B6T0000000267,E4,2,3,43,10,深位,404520.0,405150.7938461538,405182.16307692305,662.1630769230542,否
IN0005,B6T0000000006,E4,2,4,43,10,浅位,404520.0,405207.5323076923,405238.9015384615,718.901538461505,否
IN0005,B6T0000000006,E4,2,3,45,2,浅位,404520.0,405264.27076923073,405295.8984615384,775.8984615384252,否
IN0045,B6T0000000131,E4,2,3,45,2,深位,404760.0,405321.5261538461,405353.1538461538,593.1538461538148,否
IN0045,B6T0000000131,E4,2,3,43,13,浅位,404760.0,405378.7815384615,405410.6307692307,650.6307692307164,否
IN0090,B6T0000000255,E4,2,3,43,13,深位,428280.0,428280.0,428311.8492307692,31.84923076920677,否
IN0090,B6T0000000255,E4,2,4,43,13,浅位,428280.0,428337.6984615385,428369.5476923077,89.54769230767852,否
IN0090,B6T0000000255,E4,2,4,43,13,深位,428280.0,428395.39692307694,428427.24615384615,147.24615384615026,否
IN0090,B6T0000000255,E4,2,3,45,5,浅位,428280.0,428453.0953846154,428485.2030769231,205.20307692309143,否
IN0040,B6T0000000118,E4,2,3,45,5,深位,428520.0,428520.0,428552.1076923077,32.10769230767619,否
IN0040,B6T0000000118,E4,2,4,45,5,浅位,428520.0,428578.2153846154,428610.3230769231,90.32307692308677,否
IN0040,B6T0000000118,E4,2,4,45,5,深位,428520.0,428636.4307692308,428668.5384615385,148.53846153849736,否
IN0040,B6T0000000118,E4,2,4,44,11,深位,428520.0,428694.64615384623,428726.9446153847,206.94461538468022,否
IN0040,B6T0000000118,E4,2,4,43,16,深位,428520.0,428753.2430769231,428785.5723076924,265.57230769237503,否
IN0040,B6T0000000118,E4,2,4,46,2,浅位,428520.0,428811.90153846156,428844.2984615385,324.2984615385067,否
IN0040,B6T0000000118,E4,2,4,46,2,深位,428520.0,428870.6953846154,428903.09230769234,383.09230769233545,否
IN0040,B6T0000000118,E4,2,3,46,5,浅位,428520.0,428929.4892307692,428962.36615384615,442.3661538461456,否
IN0040,B6T0000000118,E4,2,3,46,5,深位,428520.0,428989.24307692307,429022.12,502.11999999999534,否
IN0040,B6T0000000118,E4,2,4,46,5,浅位,428520.0,429048.9969230769,429081.87384615385,561.8738461538451,否
IN0040,B6T0000000118,E4,2,4,46,5,深位,428520.0,429108.75076923077,429141.6276923077,621.6276923076948,否
IN0040,B6T0000000118,E4,2,3,43,24,浅位,428520.0,429168.5046153846,429202.11384615384,682.1138461538358,否
IN0040,B6T0000000118,E4,2,3,44,21,浅位,428520.0,429229.7230769231,429263.6215384616,743.6215384615934,否
IN0040,B6T0000000118,E4,2,3,44,21,深位,428520.0,429291.52,429325.4184615385,805.418461538502,否
IN0040,B6T0000000118,E4,2,3,46,14,浅位,428520.0,429353.3169230769,429387.63384615385,867.6338461538544,否
IN0040,B6T0000000118,E4,2,3,49,1,浅位,428520.0,429415.9507692308,429450.4953846154,930.4953846153803,否
IN0040,B6T0000000118,E4,2,3,43,54,深位,428520.0,429479.04000000004,429517.44923076924,997.4492307692417,否
IN0040,B6T0000000118,E4,2,4,43,54,浅位,428520.0,429549.8584615385,429588.2676923077,1068.2676923077088,否
IN0040,B6T0000000118,E4,2,4,43,54,深位,428520.0,429620.676923077,429659.0861538462,1139.0861538461759,否
IN0448,B6T0000001355,E1,2,3,8,2,深位,438900.0,438900.0,438908.6276923077,8.627692307694815,否
IN0448,B6T0000001355,E1,2,4,2,14,深位,438900.0,438911.2553846154,438919.95692307694,19.956923076941166,否
IN0448,B6T0000001355,E1,2,3,8,3,浅位,438900.0,438922.6584615385,438931.44615384616,31.446153846161906,否
IN0448,B6T0000001355,E1,2,3,8,3,深位,438900.0,438934.2338461539,438943.02153846156,43.02153846155852,否
IN0448,B6T0000001355,E1,2,4,8,3,浅位,438900.0,438945.8092307693,438954.59692307696,54.596923076955136,否
IN0448,B6T0000001355,E1,2,4,8,3,深位,438900.0,438957.3846153847,438966.17230769235,66.17230769235175,否
IN0448,B6T0000001355,E1,2,4,9,11,浅位,438900.0,438968.9600000001,438979.48923076934,79.48923076933715,否
IN0448,B6T0000001355,E1,2,4,9,11,深位,438900.0,438984.01846153854,438994.5476923078,94.54769230779493,否
IN0448,B6T0000001355,E1,2,4,10,8,深位,438900.0,438999.076923077,439009.7415384616,109.74153846158879,否
IN0448,B6T0000001355,E1,2,3,13,6,深位,438900.0,439014.40615384624,439026.596923077,126.59692307701334,否
IN0448,B6T0000001355,E1,2,4,13,6,浅位,438900.0,439032.7876923078,439044.97846153856,144.9784615385579,否
IN0448,B6T0000001355,E1,2,4,13,6,深位,438900.0,439051.16923076933,439063.3600000001,163.36000000010245,否
IN0448,B6T0000001355,E1,2,3,9,22,浅位,438900.0,439069.5507692309,439081.8400000001,181.84000000008382,否
IN0448,B6T0000001355,E1,2,3,9,22,深位,438900.0,439088.12923076935,439100.41846153856,200.41846153856022,否
IN0448,B6T0000001355,E1,2,4,9,22,浅位,438900.0,439106.7076923078,439118.99692307704,218.99692307703663,否
IN0667,B6T0000000137,E4,2,3,43,2,浅位,446280.0,446280.0,446310.08923076926,30.089230769255664,否
IN0667,B6T0000000137,E4,2,3,43,2,深位,446280.0,446334.17846153845,446364.2676923077,84.26769230770878,否
IN0667,B6T0000000137,E4,2,4,43,2,浅位,446280.0,446388.3569230769,446418.44615384616,138.4461538461619,否
IN0093,B6T0000000261,E4,2,4,43,2,深位,446820.0,446820.0,446850.08923076926,30.089230769255664,否
IN0093,B6T0000000261,E4,2,3,44,50,浅位,446820.0,446874.17846153845,446912.7169230769,92.71692307689227,否
IN0093,B6T0000000261,E4,2,3,44,50,深位,446820.0,446945.2553846154,446983.7938461538,163.79384615382878,否
IN0093,B6T0000000261,E4,2,4,44,50,浅位,446820.0,447016.3323076923,447054.87076923077,234.8707692307653,否
IN0093,B6T0000000261,E4,2,4,44,50,深位,446820.0,447087.40923076926,447125.9476923077,305.9476923077018,否
IN0093,B6T0000000261,E4,2,3,43,55,浅位,446820.0,447158.4861538462,447197.05538461544,377.0553846154362,否
IN0093,B6T0000000261,E4,2,3,43,55,深位,446820.0,447229.6246153847,447268.1938461539,448.1938461539103,否
IN0093,B6T0000000261,E4,2,4,43,55,浅位,446820.0,447300.76307692315,447339.3323076924,519.3323076923843,否
IN0093,B6T0000000261,E4,2,4,43,55,深位,446820.0,447371.9015384616,447410.47076923086,590.4707692308584,否
IN0093,B6T0000000261,E4,2,4,48,31,深位,446820.0,447443.0400000001,447481.6153846155,661.6153846154921,是
IN0093,B6T0000000261,E4,2,3,45,46,浅位,446820.0,447520.1907692309,447558.85846153856,738.8584615385626,是
IN0093,B6T0000000261,E4,2,3,45,46,深位,446820.0,447597.5261538463,447636.19384615397,816.1938461539685,否
IN0093,B6T0000000261,E4,2,4,45,46,浅位,446820.0,447668.8615384617,447707.5292307694,887.5292307693744,否
IN0093,B6T0000000261,E4,2,4,45,46,深位,446820.0,447740.1969230771,447778.8646153848,958.8646153847803,否
IN0093,B6T0000000261,E4,2,3,44,51,浅位,446820.0,447811.5323076925,447850.230769231,1030.2307692309842,否
IN0093,B6T0000000261,E4,2,3,44,51,深位,446820.0,447882.92923076946,447921.6276923079,1101.6276923079276,否
IN0093,B6T0000000261,E4,2,4,44,51,浅位,446820.0,447954.3261538464,447993.0246153849,1173.0246153848711,是
IN0093,B6T0000000261,E4,2,4,44,51,深位,446820.0,448031.72307692334,448070.4215384618,1250.4215384618146,是
IN0093,B6T0000000261,E4,2,3,43,56,浅位,446820.0,448109.1200000003,448147.8492307695,1327.8492307694978,是
IN0093,B6T0000000261,E4,2,3,43,56,深位,446820.0,448186.57846153877,448225.307692308,1405.3076923079789,是
IN0093,B6T0000000261,E4,2,4,43,56,浅位,446820.0,448264.03692307725,448302.76615384646,1482.76615384646,是
IN0093,B6T0000000261,E4,2,4,43,56,深位,446820.0,448341.49538461573,448380.22461538494,1560.224615384941,是
IN0093,B6T0000000261,E4,2,3,45,47,浅位,446820.0,448418.9538461542,448457.7815384619,1637.781538461917,是
IN0093,B6T0000000261,E4,2,3,45,47,深位,446820.0,448496.6092307696,448535.43692307733,1715.43692307733,否
IN0093,B6T0000000261,E4,2,4,45,47,浅位,446820.0,448568.26461538504,448607.09230769274,1787.092307692743,否
IN0093,B6T0000000261,E4,2,4,45,47,深位,446820.0,448639.92000000045,448678.74769230816,1858.7476923081558,否
IN0093,B6T0000000261,E4,2,3,44,52,浅位,446820.0,448711.57538461586,448750.4338461543,1930.4338461543084,否
IN0093,B6T0000000261,E4,2,3,44,52,深位,446820.0,448783.2923076928,448822.15076923126,2002.150769231259,否
IN0093,B6T0000000261,E4,2,4,44,52,浅位,446820.0,448855.00923076976,448893.8676923082,2073.8676923082094,否
IN0093,B6T0000000261,E4,2,4,44,52,深位,446820.0,448926.7261538467,448965.58461538516,2145.58461538516,否
IN0093,B6T0000000261,E4,2,4,49,28,浅位,446820.0,448998.44307692366,449037.30769230827,2217.30769230827,否
IN0093,B6T0000000261,E4,2,4,49,28,深位,446820.0,449070.1723076929,449109.0369230775,2289.0369230774813,否
IN0093,B6T0000000261,E4,2,3,43,57,浅位,446820.0,449141.9015384621,449180.79076923133,2360.790769231331,否
IN0093,B6T0000000261,E4,2,3,43,57,深位,446820.0,449213.6800000006,449252.5692307698,2432.569230769819,否
IN0093,B6T0000000261,E4,2,4,43,57,浅位,446820.0,449285.45846153906,449324.3476923083,2504.347692308307,否
IN0093,B6T0000000261,E4,2,4,43,57,深位,446820.0,449357.23692307755,449396.1261538468,2576.126153846795,否
IN0093,B6T0000000261,E4,2,3,45,48,浅位,446820.0,449429.01538461604,449468.0030769237,2648.00307692372,否
IN0093,B6T0000000261,E4,2,3,45,48,深位,446820.0,449500.9907692314,449539.9784615391,2719.9784615390818,否
IN0093,B6T0000000261,E4,2,4,45,48,浅位,446820.0,449572.96615384676,449611.95384615444,2791.9538461544435,否
IN0093,B6T0000000261,E4,2,4,45,48,深位,446820.0,449644.9415384621,449683.9292307698,2863.929230769805,否
IN0093,B6T0000000261,E4,2,3,44,53,浅位,446820.0,449716.9169230775,449755.93538461596,2935.9353846159647,否
IN0093,B6T0000000261,E4,2,3,44,53,深位,446820.0,449788.9538461544,449827.97230769286,3007.972307692864,否
IN0093,B6T0000000261,E4,2,4,44,53,浅位,446820.0,449860.9907692313,449900.00923076976,3080.0092307697632,否
IN0093,B6T0000000261,E4,2,4,44,53,深位,446820.0,449933.0276923082,449972.04615384666,3152.0461538466625,否
IN0093,B6T0000000261,E4,2,3,43,58,浅位,446820.0,450005.0646153851,450044.1138461543,3224.1138461543014,否
IN0093,B6T0000000261,E4,2,3,43,58,深位,446820.0,450077.1630769235,450116.21230769274,3296.2123076927382,否
IN0093,B6T0000000261,E4,2,4,43,58,浅位,446820.0,450149.26153846196,450188.3107692312,3368.310769231175,否
IN0093,B6T0000000261,E4,2,4,43,58,深位,446820.0,450221.3600000004,450260.4092307696,3440.409230769612,否
IN0093,B6T0000000261,E4,2,3,45,49,浅位,446820.0,450293.45846153883,450332.60615384654,3512.6061538465437,否
IN0093,B6T0000000261,E4,2,3,45,49,深位,446820.0,450365.7538461542,450404.9015384619,3584.9015384619124,否
IN0093,B6T0000000261,E4,2,4,45,49,浅位,446820.0,450438.04923076957,450477.1969230773,3657.196923077281,否
IN0544,B6T0000001622,E1,2,4,4,5,浅位,453180.0,453180.0,453187.8769230769,7.876923076924868,否
IN0544,B6T0000001622,E1,2,4,4,5,深位,453180.0,453189.75384615385,453197.6307692308,17.630769230774604,否
IN0544,B6T0000001622,E1,2,3,9,15,浅位,453180.0,453199.5076923077,453210.6769230769,30.676923076913226,否
IN0544,B6T0000001622,E1,2,3,9,15,深位,453180.0,453215.8461538462,453227.0153846154,47.01538461539894,否
IN0446,B6T0000001351,E1,2,4,2,7,浅位,456420.0,456420.0,456427.58153846156,7.5815384615561925,否
IN0446,B6T0000001351,E1,2,4,2,7,深位,456420.0,456429.16307692305,456436.7446153846,16.74461538461037,否
IN0446,B6T0000001351,E1,2,4,9,15,浅位,456420.0,456438.3261538461,456449.4953846153,29.49538461532211,否
IN0446,B6T0000001351,E1,2,4,9,15,深位,456420.0,456454.6646153846,456465.8338461538,45.833846153807826,否
IN0446,B6T0000001351,E1,2,3,9,20,浅位,456420.0,456471.0030769231,456482.9723076923,62.9723076922819,否
IN0484,B6T0000001466,E1,3,6,1,1,深位,0.0,0.0,6.313846153846153,6.313846153846153,否
IN0484,B6T0000001466,E1,3,6,1,6,深位,0.0,6.627692307692307,13.741538461538461,13.741538461538461,否
IN0484,B6T0000001466,E1,3,5,5,1,深位,0.0,14.855384615384615,22.4,22.4,否
IN0484,B6T0000001466,E1,3,5,1,9,深位,0.0,23.944615384615382,31.538461538461537,31.538461538461537,否
IN0484,B6T0000001466,E1,3,6,4,4,深位,0.0,33.13230769230769,40.84923076923077,40.84923076923077,否
IN0484,B6T0000001466,E1,3,6,3,7,深位,0.0,42.566153846153846,50.45538461538462,50.45538461538462,否
IN0484,B6T0000001466,E1,3,5,2,10,深位,0.0,52.34461538461538,60.40615384615384,60.40615384615384,否
IN0484,B6T0000001466,E1,3,6,4,7,深位,0.0,62.4676923076923,70.66461538461539,70.66461538461539,否
IN0484,B6T0000001466,E1,3,5,5,9,深位,0.0,72.86153846153846,81.68615384615384,81.68615384615384,否
IN0484,B6T0000001466,E1,3,6,3,14,深位,0.0,84.51076923076923,93.52,93.52,否
IN0484,B6T0000001466,E1,3,6,3,15,深位,0.0,96.52923076923076,105.69846153846153,105.69846153846153,否
IN0484,B6T0000001466,E1,3,6,2,17,深位,0.0,108.8676923076923,118.04923076923076,118.04923076923076,否
IN0484,B6T0000001466,E1,3,6,8,7,深位,0.0,121.23076923076923,130.65846153846152,130.65846153846152,否
IN0484,B6T0000001466,E1,3,6,7,11,深位,0.0,134.08615384615385,143.84615384615384,143.84615384615384,否
IN0484,B6T0000001466,E1,3,5,2,21,深位,0.0,147.60615384615386,157.42769230769233,157.42769230769233,否
IN0484,B6T0000001466,E1,3,5,7,13,深位,0.0,161.2492307692308,171.3292307692308,171.3292307692308,否
IN0484,B6T0000001466,E1,3,5,3,22,深位,0.0,175.4092307692308,185.69846153846157,185.69846153846157,否
IN0484,B6T0000001466,E1,3,6,1,28,深位,0.0,189.98769230769233,200.62153846153848,200.62153846153848,否
IN0183,B6T0000000538,E3,3,6,10,14,深位,11580.0,11580.0,11591.624615384615,11.624615384615026,否
IN0183,B6T0000000538,E3,3,5,13,23,浅位,11580.0,11597.24923076923,11612.16,32.159999999999854,否
IN0183,B6T0000000538,E3,3,5,13,23,深位,11580.0,11621.070769230768,11635.981538461538,55.98153846153764,否
IN0183,B6T0000000538,E3,3,6,13,23,浅位,11580.0,11644.892307692306,11659.803076923075,79.80307692307542,否
IN0077,B6T0000000212,E4,3,6,44,3,深位,23040.0,23040.0,23071.01846153846,31.018461538460542,否
IN0077,B6T0000000212,E4,3,5,43,10,浅位,23040.0,23096.036923076925,23127.406153846154,87.40615384615376,否
IN0077,B6T0000000212,E4,3,5,43,10,深位,23040.0,23152.775384615386,23184.144615384615,144.14461538461546,否
IN0077,B6T0000000212,E4,3,6,43,10,浅位,23040.0,23209.513846153848,23240.883076923077,200.88307692307717,否
IN0077,B6T0000000212,E4,3,6,43,10,深位,23040.0,23266.25230769231,23297.62153846154,257.6215384615389,否
IN0077,B6T0000000212,E4,3,5,45,3,浅位,23040.0,23322.99076923077,23354.778461538463,314.7784615384626,否
IN0353,B6T0000001093,E3,3,6,13,23,深位,33060.0,33060.0,33074.910769230766,14.910769230766164,否
IN0353,B6T0000001093,E3,3,5,11,35,浅位,33060.0,33083.82153846154,33099.42153846154,39.42153846153815,否
IN0353,B6T0000001093,E3,3,5,11,35,深位,33060.0,33109.02153846154,33124.621538461535,64.62153846153524,否
IN0353,B6T0000001093,E3,3,5,13,32,深位,33060.0,33134.221538461534,33150.5723076923,90.57230769230227,否
IN0451,B6T0000001361,E1,3,5,7,5,浅位,42000.0,42026.23384615385,42035.033846153856,35.03384615385585,是
IN0451,B6T0000001361,E1,3,5,7,5,深位,42000.0,42060.97846153847,42069.77846153847,69.7784615384735,是
IN0309,B6T0000000932,E3,3,5,13,20,浅位,45120.0,45120.0,45134.43076923077,14.430769230770238,否
IN0309,B6T0000000932,E3,3,5,13,20,深位,45120.0,45142.86153846154,45157.29230769231,37.292307692310715,否
IN0309,B6T0000000932,E3,3,5,19,9,深位,45120.0,45165.72307692308,45182.08615384616,62.086153846161324,否
IN0309,B6T0000000932,E3,3,5,18,15,浅位,45120.0,45192.449230769234,45209.156923076924,89.1569230769237,否
IN0309,B6T0000000932,E3,3,5,18,15,深位,45120.0,45219.86461538462,45236.57230769231,116.57230769230955,否
IN0309,B6T0000000932,E3,3,6,18,15,浅位,45120.0,45247.280000000006,45263.987692307695,143.9876923076954,否
IN0309,B6T0000000932,E3,3,6,18,15,深位,45120.0,45274.69538461539,45291.40307692308,171.40307692308124,否
IN0309,B6T0000000932,E3,3,5,17,23,浅位,45120.0,45302.11076923078,45319.48307692308,199.483076923083,否
IN0309,B6T0000000932,E3,3,5,17,23,深位,45120.0,45330.855384615395,45348.2276923077,228.22769230770064,否
IN0309,B6T0000000932,E3,3,6,17,23,浅位,45120.0,45359.60000000001,45376.97230769232,256.9723076923183,否
IN0309,B6T0000000932,E3,3,5,9,64,浅位,45120.0,45388.34461538463,45407.35384615386,287.35384615386283,否
IN0309,B6T0000000932,E3,3,5,9,64,深位,45120.0,45420.363076923095,45439.37230769233,319.372307692327,否
IN0309,B6T0000000932,E3,3,6,9,64,浅位,45120.0,45452.38153846156,45471.39076923079,351.3907692307912,否
IN0309,B6T0000000932,E3,3,6,9,64,深位,45120.0,45484.40000000002,45503.409230769255,383.4092307692554,否
IN0309,B6T0000000932,E3,3,5,9,65,浅位,45120.0,45516.41846153849,45535.587692307716,415.58769230771577,否
IN0309,B6T0000000932,E3,3,5,9,65,深位,45120.0,45548.75692307695,45567.92615384618,447.92615384617966,否
IN0309,B6T0000000932,E3,3,6,9,65,浅位,45120.0,45581.095384615415,45600.26461538464,480.26461538464355,否
IN0309,B6T0000000932,E3,3,6,9,65,深位,45120.0,45613.43384615388,45632.60307692311,512.6030769231074,否
IN0309,B6T0000000932,E3,3,5,9,66,浅位,45120.0,45645.77230769234,45665.101538461575,545.1015384615748,否
IN0309,B6T0000000932,E3,3,5,9,66,深位,45120.0,45678.43076923081,45697.76000000004,577.7600000000384,否
IN0309,B6T0000000932,E3,3,6,9,66,浅位,45120.0,45711.08923076927,45730.4184615385,610.418461538502,否
IN0309,B6T0000000932,E3,3,6,9,66,深位,45120.0,45743.747692307734,45763.076923076966,643.0769230769656,否
IN0309,B6T0000000932,E3,3,5,10,63,浅位,45120.0,45776.4061538462,45795.870769230816,675.8707692308162,否
IN0309,B6T0000000932,E3,3,5,10,63,深位,45120.0,45809.33538461543,45828.80000000005,708.8000000000466,否
IN0309,B6T0000000932,E3,3,6,10,63,浅位,45120.0,45842.26461538466,45861.72923076928,741.7292307692769,否
IN0309,B6T0000000932,E3,3,6,10,63,深位,45120.0,45875.19384615389,45894.65846153851,774.6584615385073,否
IN0309,B6T0000000932,E3,3,5,9,67,浅位,45120.0,45908.12307692312,45927.61230769235,807.6123076923468,否
IN0309,B6T0000000932,E3,3,5,9,67,深位,45120.0,45941.10153846158,45960.59076923081,840.5907692308101,否
IN0309,B6T0000000932,E3,3,6,9,67,浅位,45120.0,45974.080000000045,45993.56923076927,873.5692307692734,否
IN0309,B6T0000000932,E3,3,6,9,67,深位,45120.0,46007.05846153851,46026.54769230774,906.5476923077367,否
IN0309,B6T0000000932,E3,3,5,10,64,浅位,45120.0,46040.03692307697,46059.66153846159,939.661538461587,否
IN0309,B6T0000000932,E3,3,5,10,64,深位,45120.0,46073.2861538462,46092.91076923082,972.9107692308171,否
IN0309,B6T0000000932,E3,3,6,10,64,浅位,45120.0,46106.53538461543,46126.16000000005,1006.1600000000471,否
IN0309,B6T0000000932,E3,3,6,10,64,深位,45120.0,46139.78461538466,46159.40923076928,1039.4092307692772,否
IN0309,B6T0000000932,E3,3,5,9,68,浅位,45120.0,46173.03384615389,46192.683076923124,1072.6830769231237,否
IN0309,B6T0000000932,E3,3,5,9,68,深位,45120.0,46206.332307692355,46225.98153846159,1105.9815384615868,否
IN0656,B6T0000001975,E1,3,6,7,5,浅位,47160.0,47160.0,47168.8,8.80000000000291,否
IN0656,B6T0000001975,E1,3,6,7,5,深位,47160.0,47171.6,47180.4,20.400000000001455,否
IN0656,B6T0000001975,E1,3,6,6,7,浅位,47160.0,47183.2,47192.012307692305,32.0123076923046,否
IN0656,B6T0000001975,E1,3,6,6,7,深位,47160.0,47194.82461538461,47203.63692307692,43.63692307691963,否
IN0656,B6T0000001975,E1,3,5,4,11,浅位,47160.0,47206.44923076923,47215.28615384615,55.28615384615114,否
IN0656,B6T0000001975,E1,3,5,4,11,深位,47160.0,47218.123076923075,47226.96,66.95999999999913,否
IN0656,B6T0000001975,E1,3,6,4,11,浅位,47160.0,47229.79692307692,47238.63384615385,78.63384615384712,否
IN0656,B6T0000001975,E1,3,5,6,14,浅位,47160.0,47241.47076923077,47251.40307692308,91.40307692308124,否
IN0656,B6T0000001975,E1,3,5,6,14,深位,47160.0,47255.335384615384,47265.267692307694,105.26769230769423,否
IN0656,B6T0000001975,E1,3,6,7,13,浅位,47160.0,47269.2,47279.28,119.27999999999884,否
IN0656,B6T0000001975,E1,3,6,7,13,深位,47160.0,47283.36,47293.44,133.44000000000233,否
IN0656,B6T0000001975,E1,3,5,1,26,浅位,47160.0,47297.520000000004,47307.83384615385,147.83384615385148,否
IN0656,B6T0000001975,E1,3,5,1,26,深位,47160.0,47312.1476923077,47322.461538461546,162.4615384615463,否
IN0656,B6T0000001975,E1,3,6,1,29,深位,47160.0,47326.775384615394,47337.56923076924,177.56923076923704,否
IN0656,B6T0000001975,E1,3,5,2,28,浅位,47160.0,47342.36307692309,47353.30461538462,193.3046153846226,否
IN0656,B6T0000001975,E1,3,5,8,18,深位,47160.0,47358.246153846165,47369.43384615386,209.4338461538573,否
IN0656,B6T0000001975,E1,3,6,6,22,深位,47160.0,47374.62153846155,47385.83384615386,225.83384615385876,否
IN0656,B6T0000001975,E1,3,5,5,24,深位,47160.0,47391.04615384617,47402.27076923078,242.2707692307813,否
IN0656,B6T0000001975,E1,3,5,8,19,深位,47160.0,47407.495384615395,47418.84307692308,258.8430769230836,否
IN0656,B6T0000001975,E1,3,6,2,31,深位,47160.0,47424.19076923078,47435.61230769232,275.6123076923177,否
IN0656,B6T0000001975,E1,3,6,1,36,深位,47160.0,47441.033846153856,47452.9476923077,292.9476923077018,否
IN0656,B6T0000001975,E1,3,5,5,30,深位,47160.0,47458.86153846155,47471.04615384616,311.04615384616045,否
IN0656,B6T0000001975,E1,3,5,6,29,深位,47160.0,47477.23076923078,47489.563076923085,329.56307692308474,否
IN0656,B6T0000001975,E1,3,6,3,35,深位,47160.0,47495.895384615396,47508.26461538463,348.264615384629,否
IN0656,B6T0000001975,E1,3,6,3,36,深位,47160.0,47514.633846153854,47527.16307692308,367.1630769230833,否
IN0656,B6T0000001975,E1,3,5,2,38,深位,47160.0,47533.69230769232,47546.23384615386,386.2338461538602,否
IN0656,B6T0000001975,E1,3,5,7,29,深位,47160.0,47552.775384615394,47565.41538461539,405.4153846153931,否
IN0656,B6T0000001975,E1,3,5,4,36,深位,47160.0,47572.05538461539,47584.89230769232,424.89230769231654,否
IN0656,B6T0000001975,E1,3,5,8,29,深位,47160.0,47591.72923076924,47604.676923076935,444.67692307693505,否
IN0656,B6T0000001975,E1,3,6,3,40,深位,47160.0,47611.62461538462,47624.79384615385,464.7938461538506,否
IN0656,B6T0000001975,E1,3,5,7,33,深位,47160.0,47631.963076923086,47645.243076923085,485.243076923085,否
IN0656,B6T0000001975,E1,3,5,8,32,深位,47160.0,47652.523076923084,47665.950769230774,505.9507692307743,否
IN0535,B6T0000001587,E1,3,5,5,2,浅位,57420.0,57420.0,57427.70461538462,7.704615384616773,否
IN0535,B6T0000001587,E1,3,5,5,2,深位,57420.0,57429.40923076923,57437.11384615385,17.113846153850318,否
IN0535,B6T0000001587,E1,3,6,5,2,浅位,57420.0,57438.81846153847,57446.523076923084,26.523076923083863,否
IN0535,B6T0000001587,E1,3,6,5,2,深位,57420.0,57448.2276923077,57455.93230769232,35.93230769231741,否
IN0177,B6T0000000509,E3,3,5,9,10,浅位,57540.0,57540.0,57550.36923076923,10.369230769232672,否
IN0177,B6T0000000509,E3,3,5,9,10,深位,57540.0,57554.73846153846,57565.10769230769,25.10769230769074,否
IN0177,B6T0000000509,E3,3,6,9,10,浅位,57540.0,57569.476923076916,57579.84615384615,39.84615384614881,否
IN0177,B6T0000000509,E3,3,6,9,10,深位,57540.0,57584.215384615374,57594.58461538461,54.58461538460688,否
IN0177,B6T0000000509,E3,3,5,14,43,浅位,57540.0,57598.95384615383,57617.679999999986,77.67999999998574,否
IN0177,B6T0000000509,E3,3,5,14,43,深位,57540.0,57630.40615384614,57649.13230769229,109.13230769229267,否
IN0014,B6T0000000043,E4,3,5,45,3,深位,59340.0,59340.0,59371.78769230769,31.78769230769103,否
IN0014,B6T0000000043,E4,3,6,45,3,浅位,59340.0,59397.57538461538,59429.36307692307,89.3630769230731,否
IN0014,B6T0000000043,E4,3,6,45,3,深位,59340.0,59455.150769230764,59486.938461538455,146.93846153845516,否
IN0014,B6T0000000043,E4,3,5,45,6,深位,59340.0,59512.726153846146,59544.99384615384,204.99384615384042,否
IN0014,B6T0000000043,E4,3,5,46,2,浅位,59340.0,59571.26153846153,59603.65846153845,263.65846153844905,否
IN0014,B6T0000000043,E4,3,5,43,18,深位,59340.0,59630.05538461537,59662.7046153846,322.7046153846022,否
IN0014,B6T0000000043,E4,3,6,46,5,深位,59340.0,59689.353846153834,59722.23076923076,382.2307692307586,否
IN0014,B6T0000000043,E4,3,6,47,7,深位,59340.0,59749.10769230768,59783.073846153835,443.0738461538349,否
IN0014,B6T0000000043,E4,3,5,48,4,浅位,59340.0,59811.03999999999,59845.295384615376,505.29538461537595,否
IN0014,B6T0000000043,E4,3,5,48,4,深位,59340.0,59873.550769230766,59907.80615384615,567.8061538461479,否
IN0014,B6T0000000043,E4,3,5,47,9,深位,59340.0,59936.06153846154,59970.34769230769,630.3476923076887,否
IN0014,B6T0000000043,E4,3,6,48,7,深位,59340.0,59998.63384615385,60033.36923076923,693.3692307692327,否
IN0014,B6T0000000043,E4,3,6,44,35,深位,59340.0,60062.10461538462,60098.24307692308,758.2430769230778,否
IN0014,B6T0000000043,E4,3,6,43,40,浅位,59340.0,60128.381538461545,60164.55076923077,824.5507692307729,否
IN0014,B6T0000000043,E4,3,6,43,40,深位,59340.0,60194.72000000001,60230.88923076924,890.8892307692367,否
IN0014,B6T0000000043,E4,3,6,47,21,深位,59340.0,60261.05846153847,60297.26461538463,957.264615384629,否
IN0014,B6T0000000043,E4,3,5,45,33,深位,59340.0,60327.47076923078,60364.05846153847,1024.0584615384723,否
IN0534,B6T0000001586,E1,3,5,2,8,浅位,82740.0,82740.0,82747.74153846155,7.741538461545133,否
IN0534,B6T0000001586,E1,3,5,2,8,深位,82740.0,82749.48307692308,82757.22461538462,17.224615384620847,否
IN0534,B6T0000001586,E1,3,6,2,8,浅位,82740.0,82758.96615384615,82766.7076923077,26.70769230769656,否
IN0534,B6T0000001586,E1,3,6,2,8,深位,82740.0,82768.44923076923,82776.19076923077,36.190769230772275,否
IN0534,B6T0000001586,E1,3,5,8,1,浅位,82740.0,82777.9323076923,82786.4,46.39999999999418,否
IN0534,B6T0000001586,E1,3,5,8,1,深位,82740.0,82788.86769230769,82797.33538461538,57.335384615376825,否
IN0534,B6T0000001586,E1,3,6,8,1,浅位,82740.0,82799.80307692307,82808.27076923076,68.27076923075947,否
IN0534,B6T0000001586,E1,3,6,8,1,深位,82740.0,82810.73846153845,82819.20615384614,79.20615384614212,否
IN0519,B6T0000001553,E1,3,5,2,15,浅位,84300.0,84300.0,84308.86153846154,8.861538461540476,否
IN0519,B6T0000001553,E1,3,5,2,15,深位,84300.0,84311.72307692308,84320.58461538462,20.58461538462143,否
IN0519,B6T0000001553,E1,3,6,2,15,浅位,84300.0,84323.44615384616,84332.3076923077,32.30769230770238,否
IN0519,B6T0000001553,E1,3,6,2,15,深位,84300.0,84335.16923076924,84344.03076923078,44.030769230783335,否
IN0519,B6T0000001553,E1,3,5,5,38,深位,84300.0,84346.89230769232,84360.35692307694,60.356923076935345,否
IN0519,B6T0000001553,E1,3,6,3,43,深位,84300.0,84367.82153846156,84381.47076923079,81.47076923078566,否
IN0519,B6T0000001553,E1,3,6,6,38,深位,84300.0,84389.12000000002,84402.89230769234,102.89230769233836,否
IN0519,B6T0000001553,E1,3,6,4,42,浅位,84300.0,84410.66461538464,84424.46153846156,124.46153846156085,否
IN0519,B6T0000001553,E1,3,6,4,42,深位,84300.0,84432.25846153848,84446.0553846154,146.0553846154071,否
IN0519,B6T0000001553,E1,3,6,4,43,深位,84300.0,84453.85230769233,84467.80923076926,167.80923076925683,否
IN0519,B6T0000001553,E1,3,6,3,45,深位,84300.0,84475.76615384618,84489.73538461541,189.73538461541466,否
IN0519,B6T0000001553,E1,3,6,3,46,深位,84300.0,84497.70461538465,84511.83384615388,211.8338461538806,否
IN0519,B6T0000001553,E1,3,5,8,38,深位,84300.0,84519.9630769231,84534.35076923079,234.35076923079032,否
IN0519,B6T0000001553,E1,3,5,2,50,深位,84300.0,84542.73846153848,84557.20000000001,257.20000000001164,否
IN0519,B6T0000001553,E1,3,5,6,43,深位,84300.0,84565.66153846156,84580.23384615386,280.2338461538602,否
IN0519,B6T0000001553,E1,3,6,1,54,深位,84300.0,84588.80615384618,84603.60000000002,303.6000000000204,否
IN0519,B6T0000001553,E1,3,6,5,47,深位,84300.0,84612.39384615386,84627.29846153848,327.29846153847757,否
IN0647,B6T0000001956,E1,3,6,1,9,浅位,87720.0,87720.0,87727.59384615385,7.593846153846243,否
IN0647,B6T0000001956,E1,3,6,1,9,深位,87720.0,87729.18769230769,87736.78153846154,16.78153846153873,否
IN0647,B6T0000001956,E1,3,5,4,27,浅位,87720.0,87738.37538461538,87749.77230769231,29.772307692313916,否
IN0647,B6T0000001956,E1,3,5,14,5,浅位,87720.0,87755.16923076923,87767.81538461539,47.8153846153873,否
IN0647,B6T0000001956,E1,3,5,14,5,深位,87720.0,87774.46153846153,87787.10769230769,67.10769230769074,否
IN0548,B6T0000001640,E1,3,6,14,5,浅位,87720.0,87793.75384615384,87806.4,86.39999999999418,否
IN0548,B6T0000001640,E1,3,6,14,5,深位,87720.0,87813.04615384614,87825.6923076923,105.69230769229762,否
IN0548,B6T0000001640,E1,3,5,7,45,深位,87720.0,87832.33846153844,87847.53846153844,127.53846153843915,否
IN0548,B6T0000001640,E1,3,5,1,59,浅位,87720.0,87856.73846153844,87872.33230769228,152.33230769228248,否
IN0286,B6T0000000861,E3,3,6,10,14,深位,95580.0,95580.0,95591.62461538462,11.624615384615026,否
IN0286,B6T0000000861,E3,3,5,13,23,浅位,95580.0,95597.24923076923,95612.16,32.16000000000349,否
IN0286,B6T0000000861,E3,3,5,13,23,深位,95580.0,95621.07076923076,95635.98153846154,55.98153846153582,否
IN0286,B6T0000000861,E3,3,5,23,8,浅位,95580.0,95644.8923076923,95663.5569230769,83.55692307690333,否
IN0642,B6T0000001943,E1,3,5,3,13,浅位,96480.0,96480.0,96488.84923076924,8.849230769235874,否
IN0642,B6T0000001943,E1,3,5,1,59,深位,96480.0,96491.69846153846,96507.2923076923,27.29230769230344,否
IN0642,B6T0000001943,E1,3,6,1,59,浅位,96480.0,96516.88615384615,96532.48,52.479999999995925,否
IN0642,B6T0000001943,E1,3,6,1,59,深位,96480.0,96542.07384615384,96557.66769230769,77.66769230768841,否
IN0642,B6T0000001943,E1,3,5,2,58,深位,96480.0,96567.26153846153,96583.00307692308,103.00307692307979,否
IN0642,B6T0000001943,E1,3,5,1,60,浅位,96480.0,96592.74461538461,96608.49846153846,128.4984615384601,否
IN0642,B6T0000001943,E1,3,5,1,60,深位,96480.0,96618.25230769231,96634.00615384616,154.00615384615958,否
IN0642,B6T0000001943,E1,3,6,1,60,浅位,96480.0,96643.76000000001,96659.51384615386,179.51384615385905,否
IN0059,B6T0000000161,E4,3,5,43,3,浅位,108840.0,108840.0,108870.24923076923,30.249230769230053,否
IN0059,B6T0000000161,E4,3,5,43,3,深位,108840.0,108894.49846153846,108924.74769230769,84.74769230769016,否
IN0059,B6T0000000161,E4,3,6,43,3,浅位,108840.0,108948.99692307692,108979.24615384615,139.24615384615026,否
IN0059,B6T0000000161,E4,3,6,43,3,深位,108840.0,109003.49538461538,109033.74461538461,193.74461538461037,否
IN0059,B6T0000000161,E4,3,5,43,9,浅位,108840.0,109057.99384615384,109089.20307692308,249.20307692307688,否
IN0336,B6T0000001036,E3,3,5,12,14,浅位,112440.0,112440.0,112452.85538461538,12.855384615380899,否
IN0336,B6T0000001036,E3,3,5,12,14,深位,112440.0,112459.71076923078,112472.56615384616,32.56615384615725,否
IN0336,B6T0000001036,E3,3,6,12,14,浅位,112440.0,112479.42153846155,112492.27692307693,52.2769230769336,否
IN0211,B6T0000000615,E3,3,6,12,14,深位,114300.0,114337.76000000001,114350.61538461539,50.61538461539021,是
IN0211,B6T0000000615,E3,3,5,16,3,浅位,114300.0,114394.24,114407.79692307692,107.79692307692312,否
IN0211,B6T0000000615,E3,3,5,16,3,深位,114300.0,114415.35384615386,114428.91076923077,128.91076923077344,否
IN0211,B6T0000000615,E3,3,6,16,3,浅位,114300.0,114436.4676923077,114450.02461538462,150.02461538462376,否
IN0211,B6T0000000615,E3,3,5,20,3,浅位,114300.0,114457.58153846156,114473.60000000002,173.60000000002037,否
IN0211,B6T0000000615,E3,3,5,20,3,深位,114300.0,114483.61846153848,114499.63692307695,199.63692307694873,否
IN0211,B6T0000000615,E3,3,6,20,3,浅位,114300.0,114509.65538461541,114525.67384615388,225.6738461538771,否
IN0211,B6T0000000615,E3,3,6,20,3,深位,114300.0,114535.69230769234,114551.7107692308,251.71076923080545,否
IN0211,B6T0000000615,E3,3,5,14,37,浅位,114300.0,114561.72923076927,114579.49538461542,279.495384615424,否
IN0211,B6T0000000615,E3,3,5,23,3,浅位,114300.0,114591.26153846158,114609.1261538462,309.1261538461986,否
IN0211,B6T0000000615,E3,3,5,23,3,深位,114300.0,114620.9907692308,114638.85538461542,338.85538461542455,否
IN0211,B6T0000000615,E3,3,6,23,3,浅位,114300.0,114650.72000000003,114668.58461538465,368.58461538465053,否
IN0211,B6T0000000615,E3,3,6,23,3,深位,114300.0,114680.44923076926,114698.31384615388,398.3138461538765,否
IN0211,B6T0000000615,E3,3,5,23,8,深位,114300.0,114710.17846153848,114728.84307692309,428.84307692309085,否
IN0211,B6T0000000615,E3,3,6,23,8,浅位,114300.0,114741.50769230771,114760.17230769232,460.17230769232265,否
IN0211,B6T0000000615,E3,3,6,23,8,深位,114300.0,114772.83692307695,114791.50153846155,491.50153846155445,否
IN0211,B6T0000000615,E3,3,5,21,18,浅位,114300.0,114804.16615384618,114823.20000000003,523.2000000000262,否
IN0211,B6T0000000615,E3,3,5,21,18,深位,114300.0,114836.23384615387,114855.26769230772,555.2676923077233,否
IN0211,B6T0000000615,E3,3,6,21,18,浅位,114300.0,114868.30153846157,114887.33538461542,587.3353846154205,否
IN0211,B6T0000000615,E3,3,6,21,18,深位,114300.0,114900.36923076927,114919.40307692312,619.4030769231176,否
IN0211,B6T0000000615,E3,3,6,20,24,浅位,114300.0,114932.43692307697,114951.81538461543,651.815384615431,否
IN0211,B6T0000000615,E3,3,6,20,24,深位,114300.0,114965.1938461539,114984.57230769236,684.5723076923605,否
IN0211,B6T0000000615,E3,3,6,9,68,浅位,114300.0,114997.95076923083,115017.60000000005,717.6000000000495,否
IN0211,B6T0000000615,E3,3,6,9,68,深位,114300.0,115031.24923076929,115050.89846153851,750.8984615385125,否
IN0211,B6T0000000615,E3,3,5,11,61,浅位,114300.0,115064.54769230775,115084.30769230775,784.307692307746,否
IN0211,B6T0000000615,E3,3,5,11,61,深位,114300.0,115098.06769230776,115117.82769230775,817.8276923077501,否
IN0099,B6T0000000275,E4,3,5,43,9,深位,115020.0,115131.58769230776,115162.796923077,142.79692307699588,否
IN0099,B6T0000000275,E4,3,6,43,9,浅位,115020.0,115188.00615384622,115219.21538461545,199.21538461545424,否
IN0099,B6T0000000275,E4,3,6,43,9,深位,115020.0,115244.42461538468,115275.63384615391,255.6338461539126,否
IN0099,B6T0000000275,E4,3,5,44,11,浅位,115020.0,115300.84307692313,115333.1415384616,313.1415384615975,否
IN0064,B6T0000000175,E4,3,5,44,11,深位,122460.0,122460.0,122492.29846153846,32.298461538463016,否
IN0064,B6T0000000175,E4,3,6,44,11,浅位,122460.0,122518.59692307693,122550.89538461539,90.89538461538905,否
IN0064,B6T0000000175,E4,3,6,44,11,深位,122460.0,122577.19384615385,122609.49230769232,149.49230769231508,否
IN0279,B6T0000000836,E3,3,5,9,4,浅位,124860.0,124860.0,124869.40923076923,9.409230769233545,否
IN0279,B6T0000000836,E3,3,5,9,4,深位,124860.0,124872.81846153847,124882.2276923077,22.227692307700636,否
IN0279,B6T0000000836,E3,3,6,9,4,浅位,124860.0,124885.63692307693,124895.04615384617,35.046153846167726,否
IN0279,B6T0000000836,E3,3,6,9,4,深位,124860.0,124898.4553846154,124907.86461538463,47.86461538463482,否
IN0279,B6T0000000836,E3,3,6,11,61,浅位,124860.0,124911.27384615387,124931.03384615386,71.03384615386312,否
IN0279,B6T0000000836,E3,3,6,11,61,深位,124860.0,124944.79384615387,124964.55384615387,104.5538461538672,否
IN0279,B6T0000000836,E3,3,5,10,65,浅位,124860.0,124978.31384615388,124998.0984615385,138.09846153849503,否
IN0279,B6T0000000836,E3,3,5,10,65,深位,124860.0,125011.88307692311,125031.66769230773,171.66769230773207,否
IN0279,B6T0000000836,E3,3,6,10,65,浅位,124860.0,125045.45230769235,125065.23692307697,205.2369230769691,否
IN0279,B6T0000000836,E3,3,6,10,65,深位,124860.0,125079.02153846159,125098.8061538462,238.80615384620614,否
IN0279,B6T0000000836,E3,3,5,11,62,浅位,124860.0,125112.59076923082,125132.51076923082,272.5107692308229,否
IN0279,B6T0000000836,E3,3,5,11,62,深位,124860.0,125146.43076923082,125166.35076923082,306.3507692308194,否
IN0279,B6T0000000836,E3,3,6,11,62,浅位,124860.0,125180.27076923082,125200.19076923082,340.19076923081593,否
IN0279,B6T0000000836,E3,3,6,11,62,深位,124860.0,125214.11076923081,125234.03076923081,374.03076923081244,否
IN0279,B6T0000000836,E3,3,5,10,66,浅位,124860.0,125247.95076923081,125267.89538461543,407.8953846154327,否
IN0279,B6T0000000836,E3,3,5,10,66,深位,124860.0,125281.84000000004,125301.78461538466,441.7846153846622,否
IN0279,B6T0000000836,E3,3,6,10,66,浅位,124860.0,125315.72923076927,125335.67384615389,475.67384615389165,否
IN0279,B6T0000000836,E3,3,6,10,66,深位,124860.0,125349.6184615385,125369.56307692312,509.5630769231211,否
IN0249,B6T0000000732,E3,3,6,13,23,深位,146520.0,146520.0,146534.91076923077,14.91076923077344,否
IN0249,B6T0000000732,E3,3,5,18,5,浅位,146520.0,146543.82153846155,146558.92923076925,38.92923076925217,否
IN0249,B6T0000000732,E3,3,5,18,5,深位,146520.0,146568.03692307693,146583.14461538463,63.14461538463365,否
IN0249,B6T0000000732,E3,3,6,18,5,浅位,146520.0,146592.2523076923,146607.36000000002,87.36000000001513,否
IN0249,B6T0000000732,E3,3,6,18,5,深位,146520.0,146616.4676923077,146631.5753846154,111.57538461539662,否
IN0391,B6T0000001189,E3,3,5,11,35,浅位,168960.0,168960.0,168975.6,15.60000000000582,否
IN0391,B6T0000001189,E3,3,5,11,35,深位,168960.0,168985.2,169000.80000000002,40.80000000001746,否
IN0391,B6T0000001189,E3,3,5,11,63,浅位,168960.0,169010.40000000002,169030.48,70.48000000001048,否
IN0391,B6T0000001189,E3,3,5,11,63,深位,168960.0,169044.56000000003,169064.64,104.64000000001397,否
IN0391,B6T0000001189,E3,3,6,11,63,浅位,168960.0,169078.72000000003,169098.80000000002,138.80000000001746,否
IN0391,B6T0000001189,E3,3,6,11,63,深位,168960.0,169112.88000000003,169132.96000000002,172.96000000002095,否
IN0029,B6T0000000090,E4,3,5,43,1,浅位,169860.0,169860.0,169889.92923076922,29.929230769223068,否
IN0029,B6T0000000090,E4,3,5,43,1,深位,169860.0,169913.85846153848,169943.7876923077,83.78769230769831,否
IN0454,B6T0000001370,E1,3,5,6,9,浅位,170160.0,170160.0,170169.1323076923,9.132307692314498,否
IN0454,B6T0000001370,E1,3,5,6,9,深位,170160.0,170172.26461538463,170181.39692307694,21.396923076943494,否
IN0454,B6T0000001370,E1,3,6,6,9,浅位,170160.0,170184.52923076926,170193.66153846157,33.66153846157249,否
IN0454,B6T0000001370,E1,3,6,6,9,深位,170160.0,170196.7938461539,170205.9261538462,45.92615384620149,否
IN0454,B6T0000001370,E1,3,6,8,19,浅位,170160.0,170209.05846153852,170220.4061538462,60.406153846211964,否
IN0454,B6T0000001370,E1,3,6,8,19,深位,170160.0,170225.7538461539,170237.1015384616,77.10153846160392,否
IN0454,B6T0000001370,E1,3,6,1,60,深位,170160.0,170242.4492307693,170258.20307692315,98.20307692314964,否
IN0454,B6T0000001370,E1,3,6,7,49,深位,170160.0,170267.956923077,170283.796923077,123.79692307699588,否
IN0454,B6T0000001370,E1,3,5,2,59,浅位,170160.0,170293.636923077,170309.53846153853,149.53846153852646,否
IN0454,B6T0000001370,E1,3,5,2,59,深位,170160.0,170319.44000000006,170335.3415384616,175.3415384615946,否
IN0454,B6T0000001370,E1,3,6,2,59,浅位,170160.0,170345.24307692313,170361.14461538466,201.14461538466276,否
IN0454,B6T0000001370,E1,3,6,2,59,深位,170160.0,170371.0461538462,170386.94769230773,226.9476923077309,否
IN0454,B6T0000001370,E1,3,5,1,61,浅位,170160.0,170396.84923076926,170412.76307692312,252.7630769231182,否
IN0454,B6T0000001370,E1,3,5,1,61,深位,170160.0,170422.67692307697,170438.59076923082,278.59076923082466,否
IN0454,B6T0000001370,E1,3,6,1,61,浅位,170160.0,170448.50461538468,170464.41846153853,304.4184615385311,否
IN0454,B6T0000001370,E1,3,6,1,61,深位,170160.0,170474.33230769238,170490.24615384624,330.2461538462376,否
IN0454,B6T0000001370,E1,3,5,7,50,深位,170160.0,170500.1600000001,170516.1600000001,356.1600000000908,否
IN0454,B6T0000001370,E1,3,5,6,52,深位,170160.0,170526.1600000001,170542.1723076924,382.17230769240996,否
IN0454,B6T0000001370,E1,3,5,3,58,浅位,170160.0,170552.1846153847,170568.23384615392,408.2338461539184,否
IN0454,B6T0000001370,E1,3,5,3,58,深位,170160.0,170578.28307692317,170594.33230769238,434.33230769238435,否
IN0454,B6T0000001370,E1,3,6,3,58,浅位,170160.0,170604.38153846163,170620.43076923085,460.4307692308503,否
IN0454,B6T0000001370,E1,3,6,3,58,深位,170160.0,170630.4800000001,170646.52923076932,486.5292307693162,否
IN0616,B6T0000001825,E1,3,5,2,60,浅位,170160.0,170656.57846153856,170672.6400000001,512.6400000001013,否
IN0616,B6T0000001825,E1,3,5,2,60,深位,170160.0,170682.70153846164,170698.76307692318,538.7630769231764,否
IN0616,B6T0000001825,E1,3,6,2,60,浅位,170160.0,170708.8246153847,170724.88615384625,564.8861538462515,否
IN0616,B6T0000001825,E1,3,6,2,60,深位,170160.0,170734.9476923078,170751.00923076933,591.0092307693267,否
IN0055,B6T0000000148,E4,3,6,43,1,浅位,171300.0,171300.0,171329.92923076922,29.929230769223068,否
IN0055,B6T0000000148,E4,3,6,43,1,深位,171300.0,171353.85846153848,171383.7876923077,83.78769230769831,否
IN0589,B6T0000001749,E1,3,5,2,4,浅位,178860.0,178860.0,178867.10153846155,7.101538461545715,否
IN0589,B6T0000001749,E1,3,5,2,4,深位,178860.0,178868.2030769231,178875.30461538464,15.304615384637145,否
IN0589,B6T0000001749,E1,3,6,2,4,浅位,178860.0,178876.40615384618,178883.50769230773,23.507692307728576,否
IN0266,B6T0000000783,E3,3,5,9,17,浅位,179640.0,179640.0,179651.48923076922,11.48923076922074,否
IN0266,B6T0000000783,E3,3,5,9,17,深位,179640.0,179656.97846153847,179668.4676923077,28.467692307691323,否
IN0287,B6T0000000864,E3,3,6,9,17,浅位,179880.0,179880.0,179891.48923076922,11.48923076922074,否
IN0287,B6T0000000864,E3,3,6,9,17,深位,179880.0,179896.97846153847,179908.4676923077,28.467692307691323,否
IN0287,B6T0000000864,E3,3,5,15,5,浅位,179880.0,179913.95692307694,179927.2184615385,47.218461538490374,否
IN0287,B6T0000000864,E3,3,5,15,5,深位,179880.0,179934.48,179947.74153846156,67.74153846155968,否
IN0457,B6T0000001373,E1,3,6,2,4,深位,179940.0,179955.00307692308,179962.10461538463,22.104615384625504,否
IN0457,B6T0000001373,E1,3,5,1,10,浅位,179940.0,179963.20615384617,179970.96000000002,30.960000000020955,否
IN0457,B6T0000001373,E1,3,5,1,10,深位,179940.0,179972.71384615387,179980.46769230772,40.46769230772043,否
IN0457,B6T0000001373,E1,3,5,3,21,浅位,179940.0,179982.22153846157,179992.3507692308,52.35076923080487,否
IN0098,B6T0000000271,E4,3,5,43,13,浅位,181740.0,181740.0,181771.84923076924,31.849230769235874,否
IN0098,B6T0000000271,E4,3,5,43,13,深位,181740.0,181797.69846153847,181829.5476923077,89.54769230770762,否
IN0098,B6T0000000271,E4,3,6,43,13,浅位,181740.0,181855.39692307694,181887.24615384618,147.24615384617937,否
IN0098,B6T0000000271,E4,3,6,43,13,深位,181740.0,181913.09538461542,181944.94461538465,204.94461538465112,否
IN0098,B6T0000000271,E4,3,6,45,33,浅位,181740.0,181970.7938461539,182007.38153846157,267.38153846157365,否
IN0098,B6T0000000271,E4,3,6,45,33,深位,181740.0,182037.96923076926,182074.55692307695,334.556923076947,否
IN0098,B6T0000000271,E4,3,6,45,36,深位,181740.0,182105.14461538463,182142.21230769233,402.2123076923308,否
IN0098,B6T0000000271,E4,3,5,43,49,浅位,181740.0,182173.28000000003,182210.88923076927,470.8892307692731,否
IN0216,B6T0000000629,E3,3,5,9,12,浅位,185100.0,185100.0,185110.68923076923,10.689230769232381,否
IN0216,B6T0000000629,E3,3,5,9,12,深位,185100.0,185115.37846153846,185126.0676923077,26.067692307697143,否
IN0216,B6T0000000629,E3,3,6,9,12,浅位,185100.0,185130.75692307693,185141.44615384616,41.446153846161906,否
IN0114,B6T0000000327,E3,3,6,9,12,深位,186180.0,186180.0,186190.68923076923,10.689230769232381,否
IN0114,B6T0000000327,E3,3,6,15,5,浅位,186180.0,186195.37846153846,186208.64,28.64000000001397,否
IN0114,B6T0000000327,E3,3,6,15,5,深位,186180.0,186215.90153846153,186229.16307692308,49.16307692308328,否
IN0114,B6T0000000327,E3,3,5,12,34,浅位,186180.0,186236.4246153846,186252.47999999998,72.47999999998137,否
IN0114,B6T0000000327,E3,3,5,12,34,深位,186180.0,186262.53538461536,186278.59076923074,98.59076923073735,否
IN0114,B6T0000000327,E3,3,6,12,34,浅位,186180.0,186288.64615384612,186304.7015384615,124.70153846149333,否
IN0345,B6T0000001059,E3,3,5,9,8,浅位,191580.0,191580.0,191590.04923076922,10.049230769218411,否
IN0345,B6T0000001059,E3,3,5,9,8,深位,191580.0,191594.09846153847,191604.14769230768,24.147692307684338,否
IN0345,B6T0000001059,E3,3,6,9,8,浅位,191580.0,191608.19692307693,191618.24615384615,38.246153846150264,否
IN0345,B6T0000001059,E3,3,6,9,8,深位,191580.0,191622.2953846154,191632.34461538462,52.34461538461619,否
IN0345,B6T0000001059,E3,3,5,13,14,浅位,191580.0,191636.39384615386,191649.86461538463,69.86461538463482,否
IN0136,B6T0000000407,E3,3,5,9,9,浅位,206760.0,206760.0,206770.20923076922,10.209230769221904,否
IN0136,B6T0000000407,E3,3,5,9,9,深位,206760.0,206774.41846153847,206784.6276923077,24.627692307694815,否
IN0127,B6T0000000367,E3,3,6,9,9,浅位,207420.0,207420.0,207430.20923076922,10.209230769221904,否
IN0127,B6T0000000367,E3,3,6,9,9,深位,207420.0,207434.41846153847,207444.6276923077,24.627692307694815,否
IN0127,B6T0000000367,E3,3,5,13,14,深位,207420.0,207448.83692307695,207462.30769230772,42.307692307716934,否
IN0127,B6T0000000367,E3,3,6,13,14,浅位,207420.0,207469.7784615385,207483.24923076926,63.24923076925916,否
IN0127,B6T0000000367,E3,3,6,12,34,深位,207420.0,207490.72000000003,207506.7753846154,86.77538461540826,否
IN0127,B6T0000000367,E3,3,6,13,32,浅位,207420.0,207516.8307692308,207533.18153846156,113.18153846156201,否
IN0127,B6T0000000367,E3,3,6,13,32,深位,207420.0,207543.53230769234,207559.8830769231,139.88307692311355,否
IN0127,B6T0000000367,E3,3,5,21,3,浅位,207420.0,207570.2338461539,207586.86769230774,166.8676923077437,否
IN0127,B6T0000000367,E3,3,5,21,3,深位,207420.0,207597.50153846157,207614.13538461542,194.1353846154234,否
IN0127,B6T0000000367,E3,3,6,21,3,浅位,207420.0,207624.76923076925,207641.4030769231,221.40307692310307,否
IN0127,B6T0000000367,E3,3,6,21,3,深位,207420.0,207652.03692307693,207668.67076923078,248.67076923078275,否
IN0127,B6T0000000367,E3,3,6,20,13,浅位,207420.0,207679.3046153846,207696.92307692306,276.9230769230635,否
IN0127,B6T0000000367,E3,3,6,20,13,深位,207420.0,207708.54153846152,207726.15999999997,306.1599999999744,否
IN0127,B6T0000000367,E3,3,5,10,67,浅位,207420.0,207737.77846153843,207757.88307692306,337.88307692305534,否
IN0127,B6T0000000367,E3,3,5,10,67,深位,207420.0,207771.98769230765,207792.09230769228,372.09230769227725,否
IN0127,B6T0000000367,E3,3,6,10,67,浅位,207420.0,207806.19692307687,207826.3015384615,406.30153846149915,否
IN0127,B6T0000000367,E3,3,6,10,67,深位,207420.0,207840.4061538461,207860.51076923072,440.51076923072105,否
IN0127,B6T0000000367,E3,3,5,12,60,浅位,207420.0,207874.61538461532,207894.8307692307,474.83076923069893,否
IN0127,B6T0000000367,E3,3,5,12,60,深位,207420.0,207909.04615384608,207929.26153846146,509.2615384614619,否
IN0127,B6T0000000367,E3,3,6,12,60,浅位,207420.0,207943.47692307684,207963.69230769222,543.6923076922249,否
IN0127,B6T0000000367,E3,3,6,12,60,深位,207420.0,207977.9076923076,207998.123076923,578.1230769229878,否
IN0161,B6T0000000469,E3,3,5,11,64,浅位,207420.0,208012.33846153837,208032.57846153836,612.57846153836,否
IN0161,B6T0000000469,E3,3,5,11,64,深位,207420.0,208046.81846153838,208067.05846153837,647.0584615383705,否
IN0161,B6T0000000469,E3,3,6,11,64,浅位,207420.0,208081.2984615384,208101.53846153838,681.538461538381,否
IN0161,B6T0000000469,E3,3,6,11,64,深位,207420.0,208115.7784615384,208136.0184615384,716.0184615383914,否
IN0161,B6T0000000469,E3,3,5,10,68,浅位,207420.0,208150.2584615384,208170.52307692304,750.5230769230402,否
IN0161,B6T0000000469,E3,3,5,10,68,深位,207420.0,208184.78769230764,208205.05230769227,785.0523076922691,否
IN0161,B6T0000000469,E3,3,6,10,68,浅位,207420.0,208219.31692307687,208239.5815384615,819.581538461498,否
IN0161,B6T0000000469,E3,3,6,10,68,深位,207420.0,208253.8461538461,208274.11076923073,854.1107692307269,否
IN0161,B6T0000000469,E3,3,5,12,61,浅位,207420.0,208288.37538461533,208308.7507692307,888.7507692307117,否
IN0161,B6T0000000469,E3,3,5,12,61,深位,207420.0,208323.1261538461,208343.50153846148,923.5015384614817,否
IN0161,B6T0000000469,E3,3,6,12,61,浅位,207420.0,208357.87692307687,208378.25230769225,958.2523076922516,否
IN0161,B6T0000000469,E3,3,6,12,61,深位,207420.0,208392.62769230764,208413.00307692302,993.0030769230216,否
IN0161,B6T0000000469,E3,3,5,11,65,浅位,207420.0,208427.3784615384,208447.7784615384,1027.7784615384007,否
IN0161,B6T0000000469,E3,3,5,11,65,深位,207420.0,208462.1784615384,208482.5784615384,1062.578461538389,否
IN0161,B6T0000000469,E3,3,6,11,65,浅位,207420.0,208496.97846153838,208517.37846153838,1097.3784615383775,否
IN0161,B6T0000000469,E3,3,6,11,65,深位,207420.0,208531.77846153837,208552.17846153837,1132.1784615383658,否
IN0161,B6T0000000469,E3,3,5,12,62,浅位,207420.0,208566.57846153836,208587.11384615375,1167.1138461537485,否
IN0161,B6T0000000469,E3,3,5,12,62,深位,207420.0,208601.64923076914,208622.18461538453,1202.1846153845254,否
IN0161,B6T0000000469,E3,3,6,12,62,浅位,207420.0,208636.7199999999,208657.2553846153,1237.2553846153023,否
IN0161,B6T0000000469,E3,3,6,12,62,深位,207420.0,208671.7907692307,208692.32615384608,1272.3261538460793,否
IN0161,B6T0000000469,E3,3,5,11,66,浅位,207420.0,208706.86153846147,208727.42153846147,1307.4215384614654,否
IN0161,B6T0000000469,E3,3,5,11,66,深位,207420.0,208741.98153846146,208762.54153846146,1342.5415384614607,否
IN0161,B6T0000000469,E3,3,6,11,66,浅位,207420.0,208777.10153846146,208797.66153846146,1377.661538461456,否
IN0161,B6T0000000469,E3,3,6,11,66,深位,207420.0,208812.22153846145,208832.78153846145,1412.7815384614514,否
IN0161,B6T0000000469,E3,3,5,13,59,浅位,207420.0,208847.34153846145,208868.01230769223,1448.0123076922318,否
IN0161,B6T0000000469,E3,3,5,13,59,深位,207420.0,208882.683076923,208903.35384615377,1483.3538461537682,否
IN0161,B6T0000000469,E3,3,6,13,59,浅位,207420.0,208918.02461538452,208938.6953846153,1518.6953846153046,否
IN0161,B6T0000000469,E3,3,6,13,59,深位,207420.0,208953.36615384606,208974.03692307684,1554.036923076841,否
IN0161,B6T0000000469,E3,3,5,12,63,浅位,207420.0,208988.7076923076,209009.403076923,1589.4030769229867,否
IN0161,B6T0000000469,E3,3,5,12,63,深位,207420.0,209024.09846153835,209044.79384615374,1624.7938461537415,否
IN0161,B6T0000000469,E3,3,6,12,63,浅位,207420.0,209059.4892307691,209080.1846153845,1660.1846153844963,否
IN0161,B6T0000000469,E3,3,6,12,63,深位,207420.0,209094.87999999986,209115.57538461525,1695.575384615251,否
IN0161,B6T0000000469,E3,3,5,11,67,浅位,207420.0,209130.2707692306,209150.99076923062,1730.9907692306151,否
IN0161,B6T0000000469,E3,3,5,11,67,深位,207420.0,209165.71076923062,209186.43076923062,1766.4307692306174,否
IN0161,B6T0000000469,E3,3,6,11,67,浅位,207420.0,209201.15076923062,209221.87076923062,1801.8707692306198,否
IN0161,B6T0000000469,E3,3,6,11,67,深位,207420.0,209236.59076923062,209257.31076923062,1837.310769230622,否
IN0161,B6T0000000469,E3,3,5,13,60,浅位,207420.0,209272.03076923062,209292.86153846138,1872.8615384613804,否
IN0161,B6T0000000469,E3,3,5,13,60,深位,207420.0,209307.69230769217,209328.52307692292,1908.5230769229238,否
IN0161,B6T0000000469,E3,3,6,13,60,浅位,207420.0,209343.3538461537,209364.18461538447,1944.1846153844672,否
IN0161,B6T0000000469,E3,3,6,13,60,深位,207420.0,209379.01538461525,209399.846153846,1979.8461538460106,否
IN0161,B6T0000000469,E3,3,6,19,37,深位,207420.0,209414.6769230768,209435.51999999987,2015.519999999873,否
IN0161,B6T0000000469,E3,3,5,12,64,浅位,207420.0,209450.36307692295,209471.21846153834,2051.218461538345,否
IN0311,B6T0000000938,E3,3,5,13,5,浅位,221400.0,221400.0,221412.03076923077,12.030769230768783,否
IN0311,B6T0000000938,E3,3,5,13,5,深位,221400.0,221418.06153846154,221430.0923076923,30.09230769230635,否
IN0195,B6T0000000569,E3,3,6,13,5,浅位,221580.0,221580.0,221592.03076923077,12.030769230768783,否
IN0195,B6T0000000569,E3,3,6,13,5,深位,221580.0,221598.06153846154,221610.0923076923,30.09230769230635,否
IN0195,B6T0000000569,E3,3,5,21,6,浅位,221580.0,221616.12307692308,221633.2369230769,53.2369230769109,否
IN0371,B6T0000001133,E3,3,6,10,14,深位,230760.0,230760.0,230771.62461538462,11.624615384615026,否
IN0371,B6T0000001133,E3,3,5,13,23,浅位,230760.0,230777.24923076923,230792.16,32.16000000000349,否
IN0371,B6T0000001133,E3,3,5,13,23,深位,230760.0,230801.07076923078,230815.98153846155,55.98153846155037,否
IN0450,B6T0000001360,E1,3,5,1,16,浅位,255180.0,255180.0,255188.71384615384,8.713846153841587,否
IN0450,B6T0000001360,E1,3,5,1,16,深位,255180.0,255191.42769230768,255200.14153846152,20.14153846152476,否
IN0450,B6T0000001360,E1,3,6,1,16,浅位,255180.0,255202.85538461537,255211.5692307692,31.569230769207934,否
IN0450,B6T0000001360,E1,3,6,1,16,深位,255180.0,255214.28307692305,255222.9969230769,42.99692307689111,否
IN0450,B6T0000001360,E1,3,5,7,5,浅位,255180.0,255225.71076923073,255234.51076923072,54.51076923072105,否
IN0450,B6T0000001360,E1,3,5,7,5,深位,255180.0,255237.31076923074,255246.11076923073,66.11076923072687,否
IN0450,B6T0000001360,E1,3,5,3,13,浅位,255180.0,255248.91076923074,255257.75999999998,77.75999999998021,否
IN0450,B6T0000001360,E1,3,5,3,21,深位,255180.0,255260.60923076922,255270.73846153845,90.73846153845079,否
IN0450,B6T0000001360,E1,3,5,8,13,浅位,255180.0,255274.8676923077,255285.2553846154,105.25538461538963,否
IN0450,B6T0000001360,E1,3,5,8,13,深位,255180.0,255289.64307692306,255300.03076923077,120.03076923076878,否
IN0450,B6T0000001360,E1,3,6,8,13,浅位,255180.0,255304.41846153844,255314.80615384615,134.80615384614794,否
IN0450,B6T0000001360,E1,3,6,8,13,深位,255180.0,255319.19384615382,255329.58153846153,149.5815384615271,否
IN0174,B6T0000000505,E3,3,5,21,6,深位,255360.0,255360.0,255377.11384615384,17.113846153835766,否
IN0174,B6T0000000505,E3,3,6,21,6,浅位,255360.0,255388.2276923077,255405.34153846154,45.3415384615364,否
IN0254,B6T0000000745,E3,3,6,21,6,深位,256440.0,256440.0,256457.11384615384,17.113846153835766,否
IN0254,B6T0000000745,E3,3,5,22,19,浅位,256440.0,256468.2276923077,256488.03692307693,48.03692307692836,否
IN0254,B6T0000000745,E3,3,5,12,64,深位,256440.0,256501.84615384616,256522.70153846155,82.70153846155154,否
IN0254,B6T0000000745,E3,3,6,12,64,浅位,256440.0,256537.55692307692,256558.4123076923,118.41230769231333,否
IN0254,B6T0000000745,E3,3,6,12,64,深位,256440.0,256573.26769230768,256594.12307692308,154.12307692307513,否
IN0254,B6T0000000745,E3,3,5,11,68,浅位,256440.0,256608.97846153844,256629.85846153845,189.85846153844614,否
IN0254,B6T0000000745,E3,3,5,11,68,深位,256440.0,256644.73846153845,256665.61846153846,225.61846153845545,否
IN0254,B6T0000000745,E3,3,6,11,68,浅位,256440.0,256680.49846153846,256701.37846153846,261.37846153846476,否
IN0254,B6T0000000745,E3,3,6,11,68,深位,256440.0,256716.25846153847,256737.13846153847,297.1384615384741,否
IN0254,B6T0000000745,E3,3,5,13,61,浅位,256440.0,256752.01846153848,256773.00923076924,333.00923076923937,否
IN0254,B6T0000000745,E3,3,5,13,61,深位,256440.0,256788.00000000003,256808.9907692308,368.99076923078974,否
IN0438,B6T0000001330,E1,3,5,8,21,浅位,256800.0,256823.98153846158,256835.64923076928,35.64923076928244,否
IN0438,B6T0000001330,E1,3,5,8,21,深位,256800.0,256841.31692307696,256852.98461538466,52.984615384659264,否
IN0438,B6T0000001330,E1,3,5,7,28,浅位,256800.0,256858.65230769233,256871.13230769234,71.1323076923436,否
IN0438,B6T0000001330,E1,3,6,4,36,浅位,256800.0,256877.61230769232,256890.44923076924,90.4492307692417,否
IN0254,B6T0000000745,E3,3,6,13,61,浅位,256440.0,256897.28615384616,256918.27692307692,478.27692307691905,否
IN0254,B6T0000000745,E3,3,6,13,61,深位,256440.0,256933.2676923077,256954.25846153847,514.2584615384694,否
IN0254,B6T0000000745,E3,3,5,12,65,浅位,256440.0,256969.24923076926,256990.26461538466,550.2646153846581,否
IN0254,B6T0000000745,E3,3,5,12,65,深位,256440.0,257005.28000000003,257026.29538461543,586.2953846154269,否
IN0254,B6T0000000745,E3,3,6,12,65,浅位,256440.0,257041.3107692308,257062.3261538462,622.3261538461957,否
IN0254,B6T0000000745,E3,3,6,12,65,深位,256440.0,257077.34153846157,257098.35692307696,658.3569230769644,否
IN0254,B6T0000000745,E3,3,5,14,58,浅位,256440.0,257113.37230769233,257134.4984615385,694.4984615384892,否
IN0254,B6T0000000745,E3,3,5,14,58,深位,256440.0,257149.62461538464,257170.7507692308,730.750769230799,否
IN0254,B6T0000000745,E3,3,6,14,58,浅位,256440.0,257185.87692307695,257207.0030769231,767.0030769231089,否
IN0254,B6T0000000745,E3,3,6,14,58,深位,256440.0,257222.12923076926,257243.25538461542,803.2553846154187,否
IN0475,B6T0000001429,E1,3,6,4,36,深位,258000.0,258000.0,258012.83692307692,12.836923076916719,否
IN0475,B6T0000001429,E1,3,6,6,52,浅位,258000.0,258019.67384615383,258035.68615384615,35.68615384615259,否
IN0475,B6T0000001429,E1,3,6,6,52,深位,258000.0,258045.69846153844,258061.71076923076,61.7107692307618,否
IN0475,B6T0000001429,E1,3,5,1,62,浅位,258000.0,258071.72307692305,258087.7969230769,87.79692307690857,否
IN0475,B6T0000001429,E1,3,5,1,62,深位,258000.0,258097.87076923074,258113.9446153846,113.94461538459291,否
IN0475,B6T0000001429,E1,3,6,1,62,浅位,258000.0,258124.01846153842,258140.09230769228,140.09230769227725,否
IN0475,B6T0000001429,E1,3,6,1,62,深位,258000.0,258150.1661538461,258166.23999999996,166.23999999996158,否
IN0475,B6T0000001429,E1,3,5,3,59,浅位,258000.0,258176.3138461538,258192.523076923,192.5230769230111,否
IN0475,B6T0000001429,E1,3,5,3,59,深位,258000.0,258202.73230769226,258218.94153846148,218.94153846148401,否
IN0475,B6T0000001429,E1,3,6,3,59,浅位,258000.0,258229.15076923074,258245.35999999996,245.35999999995693,否
IN0475,B6T0000001429,E1,3,6,3,59,深位,258000.0,258255.5692307692,258271.77846153843,271.77846153842984,否
IN0475,B6T0000001429,E1,3,5,2,61,浅位,258000.0,258281.98769230768,258298.20923076922,298.2092307692219,否
IN0475,B6T0000001429,E1,3,5,2,61,深位,258000.0,258308.43076923076,258324.6523076923,324.652307692304,否
IN0475,B6T0000001429,E1,3,6,2,61,浅位,258000.0,258334.87384615385,258351.0953846154,351.09538461538614,否
IN0475,B6T0000001429,E1,3,6,2,61,深位,258000.0,258361.31692307693,258377.53846153847,377.53846153846825,否
IN0475,B6T0000001429,E1,3,5,1,63,浅位,258000.0,258387.76,258403.99384615387,403.9938461538695,否
IN0460,B6T0000001382,E1,3,6,1,1,深位,260940.0,260940.0,260946.31384615385,6.3138461538474075,否
IN0460,B6T0000001382,E1,3,5,2,4,浅位,260940.0,260946.6276923077,260953.72923076924,13.72923076924053,否
IN0460,B6T0000001382,E1,3,5,2,4,深位,260940.0,260954.8307692308,260961.93230769233,21.93230769233196,否
IN0460,B6T0000001382,E1,3,6,1,6,深位,260940.0,260963.03384615388,260970.1476923077,30.14769230771344,否
IN0460,B6T0000001382,E1,3,5,4,7,浅位,260940.0,260971.26153846158,260979.4584615385,39.458461538510164,否
IN0460,B6T0000001382,E1,3,5,11,9,浅位,260940.0,260981.6553846154,260993.09538461542,53.09538461541524,否
IN0460,B6T0000001382,E1,3,5,15,1,浅位,260940.0,260998.53538461542,261011.15692307695,71.15692307695281,否
IN0460,B6T0000001382,E1,3,5,15,1,深位,260940.0,261017.7784615385,261030.40000000002,90.40000000002328,否
IN0460,B6T0000001382,E1,3,6,15,1,浅位,260940.0,261037.02153846156,261049.6430769231,109.64307692309376,否
IN0460,B6T0000001382,E1,3,6,15,1,深位,260940.0,261056.26461538463,261068.88615384616,128.88615384616423,否
IN0460,B6T0000001382,E1,3,5,1,63,深位,260940.0,261075.5076923077,261091.74153846156,151.74153846155968,否
IN0460,B6T0000001382,E1,3,6,1,63,浅位,260940.0,261101.9753846154,261118.20923076925,178.209230769251,否
IN0460,B6T0000001382,E1,3,6,1,63,深位,260940.0,261128.44307692308,261144.67692307694,204.67692307694233,否
IN0460,B6T0000001382,E1,3,6,5,56,深位,260940.0,261154.91076923077,261171.2553846154,231.25538461538963,否
IN0460,B6T0000001382,E1,3,5,4,58,浅位,260940.0,261181.6,261197.95692307694,257.95692307694117,否
IN0460,B6T0000001382,E1,3,5,4,58,深位,260940.0,261208.31384615385,261224.67076923078,284.67076923078275,否
IN0460,B6T0000001382,E1,3,6,4,58,浅位,260940.0,261235.0276923077,261251.38461538462,311.38461538462434,否
IN0460,B6T0000001382,E1,3,6,4,58,深位,260940.0,261261.74153846153,261278.09846153847,338.0984615384659,否
IN0460,B6T0000001382,E1,3,5,3,60,浅位,260940.0,261288.45538461537,261304.8246153846,364.82461538459756,否
IN0460,B6T0000001382,E1,3,5,3,60,深位,260940.0,261315.19384615382,261331.56307692305,391.56307692304836,否
IN0460,B6T0000001382,E1,3,6,3,60,浅位,260940.0,261341.93230769227,261358.3015384615,418.30153846149915,否
IN0460,B6T0000001382,E1,3,6,3,60,深位,260940.0,261368.67076923072,261385.03999999995,445.03999999994994,否
IN0460,B6T0000001382,E1,3,5,2,62,浅位,260940.0,261395.40923076918,261411.79076923072,471.7907692307199,否
IN0460,B6T0000001382,E1,3,5,2,62,深位,260940.0,261422.17230769226,261438.5538461538,498.553846153809,否
IN0460,B6T0000001382,E1,3,6,2,62,浅位,260940.0,261448.93538461535,261465.3169230769,525.3169230768981,否
IN0460,B6T0000001382,E1,3,6,2,62,深位,260940.0,261475.69846153844,261492.08,552.0799999999872,否
IN0460,B6T0000001382,E1,3,5,1,64,浅位,260940.0,261502.46153846153,261518.85538461537,578.8553846153663,否
IN0460,B6T0000001382,E1,3,5,1,64,深位,260940.0,261529.24923076923,261545.64307692306,605.6430769230647,否
IN0460,B6T0000001382,E1,3,6,1,64,浅位,260940.0,261556.03692307693,261572.43076923076,632.430769230763,是
IN0460,B6T0000001382,E1,3,6,1,64,深位,260940.0,261598.97846153847,261615.3723076923,675.3723076923052,是
IN0460,B6T0000001382,E1,3,5,5,57,浅位,260940.0,261641.92,261658.42461538463,718.4246153846325,是
IN0460,B6T0000001382,E1,3,5,5,57,深位,260940.0,261682.62153846156,261699.12615384618,759.126153846184,是
IN0460,B6T0000001382,E1,3,5,9,20,浅位,260940.0,261718.40000000002,261730.36923076925,790.3692307692545,是
IN0460,B6T0000001382,E1,3,5,9,20,深位,260940.0,261742.3384615385,261754.30769230772,814.3076923077169,是
IN0460,B6T0000001382,E1,3,6,9,20,浅位,260940.0,261766.27692307695,261778.24615384618,838.2461538461794,是
IN0460,B6T0000001382,E1,3,6,9,20,深位,260940.0,261790.2153846154,261802.18461538464,862.1846153846418,否
IN0460,B6T0000001382,E1,3,6,5,57,浅位,260940.0,261808.15384615387,261824.6584615385,884.6584615384927,否
IN0092,B6T0000000260,E4,3,5,43,1,浅位,272160.0,272160.0,272189.9292307692,29.929230769223068,否
IN0092,B6T0000000260,E4,3,5,43,1,深位,272160.0,272213.85846153845,272243.78769230767,83.7876923076692,否
IN0092,B6T0000000260,E4,3,5,43,49,深位,272160.0,272267.7169230769,272305.3261538461,145.32615384610835,是
IN0092,B6T0000000260,E4,3,6,43,49,浅位,272160.0,272342.9353846154,272380.5446153846,220.54461538459873,是
IN0092,B6T0000000260,E4,3,6,43,49,深位,272160.0,272418.1538461539,272455.7630769231,295.7630769230891,否
IN0092,B6T0000000260,E4,3,5,43,50,浅位,272160.0,272487.37230769236,272525.1415384616,365.1415384616121,否
IN0338,B6T0000001039,E3,3,5,12,11,浅位,277980.0,277980.0,277992.3753846154,12.375384615384974,否
IN0338,B6T0000001039,E3,3,5,12,11,深位,277980.0,277998.75076923077,278011.12615384615,31.12615384615492,否
IN0338,B6T0000001039,E3,3,6,12,11,浅位,277980.0,278017.50153846154,278029.8769230769,49.87692307692487,否
IN0149,B6T0000000438,E3,3,6,9,17,浅位,287400.0,287400.0,287411.4892307692,11.48923076922074,否
IN0149,B6T0000000438,E3,3,6,9,17,深位,287400.0,287416.97846153844,287428.46769230766,28.46769230766222,否
IN0149,B6T0000000438,E3,3,6,12,11,深位,287400.0,287433.9569230769,287446.33230769227,46.33230769226793,否
IN0149,B6T0000000438,E3,3,5,15,5,浅位,287400.0,287452.70769230765,287465.9692307692,65.96923076920211,否
IN0149,B6T0000000438,E3,3,6,16,3,深位,287400.0,287473.23076923075,287486.78769230767,86.7876923076692,否
IN0149,B6T0000000438,E3,3,5,10,29,浅位,287400.0,287494.3446153846,287508.3692307692,108.3692307692254,否
IN0321,B6T0000000968,E3,3,5,10,29,深位,298920.0,298920.0,298934.02461538464,14.02461538463831,否
IN0321,B6T0000000968,E3,3,6,10,29,浅位,298920.0,298942.0492307692,298956.07384615386,36.07384615385672,否
IN0321,B6T0000000968,E3,3,5,13,40,浅位,298920.0,298964.09846153844,298981.7292307692,61.729230769211426,否
IN0321,B6T0000000968,E3,3,5,13,40,深位,298920.0,298993.36,299010.99076923076,90.99076923076063,否
IN0024,B6T0000000078,E4,3,5,43,9,深位,299340.0,299340.0,299371.20923076925,31.209230769251008,否
IN0024,B6T0000000078,E4,3,6,43,9,浅位,299340.0,299396.41846153844,299427.6276923077,87.62769230769482,否
IN0556,B6T0000001654,E1,3,6,1,1,深位,300480.0,300480.0,300486.31384615385,6.3138461538474075,否
IN0556,B6T0000001654,E1,3,5,2,10,浅位,300480.0,300486.6276923077,300494.68923076923,14.689230769232381,否
IN0032,B6T0000000096,E4,3,6,43,9,深位,314160.0,314160.0,314191.20923076925,31.209230769251008,否
IN0032,B6T0000000096,E4,3,5,45,1,浅位,314160.0,314216.41846153844,314247.88615384616,87.88615384616423,否
IN0032,B6T0000000096,E4,3,5,45,1,深位,314160.0,314273.3538461538,314304.82153846155,144.82153846154688,否
IN0032,B6T0000000096,E4,3,6,45,1,浅位,314160.0,314330.2892307692,314361.75692307693,201.75692307692952,是
IN0175,B6T0000000507,E3,3,5,10,8,浅位,341640.0,341640.0,341650.6646153846,10.664615384594072,否
IN0175,B6T0000000507,E3,3,5,10,8,深位,341640.0,341655.32923076925,341665.99384615384,25.993846153840423,否
IN0175,B6T0000000507,E3,3,6,10,8,浅位,341640.0,341670.6584615385,341681.3230769231,41.323076923086774,否
IN0175,B6T0000000507,E3,3,6,10,8,深位,341640.0,341685.98769230774,341696.65230769233,56.652307692333125,否
IN0175,B6T0000000507,E3,3,5,9,16,浅位,341640.0,341701.316923077,341712.64615384623,72.64615384623175,否
IN0175,B6T0000000507,E3,3,5,9,16,深位,341640.0,341717.9753846154,341729.30461538467,89.30461538466625,否
IN0175,B6T0000000507,E3,3,6,9,16,浅位,341640.0,341734.63384615385,341745.9630769231,105.96307692310074,否
IN0175,B6T0000000507,E3,3,6,9,16,深位,341640.0,341751.2923076923,341762.62153846154,122.62153846153524,否
IN0175,B6T0000000507,E3,3,5,12,7,浅位,341640.0,341767.9507692307,341779.6861538461,139.68615384609438,否
IN0175,B6T0000000507,E3,3,5,12,7,深位,341640.0,341785.42153846147,341797.15692307684,157.1569230768364,否
IN0175,B6T0000000507,E3,3,6,12,7,浅位,341640.0,341802.8923076922,341814.6276923076,174.6276923075784,否
IN0175,B6T0000000507,E3,3,6,12,7,深位,341640.0,341820.36307692295,341832.0984615383,192.0984615383204,否
IN0398,B6T0000001206,E3,3,5,13,5,浅位,342900.0,342900.0,342912.0307692308,12.030769230797887,否
IN0398,B6T0000001206,E3,3,5,13,5,深位,342900.0,342918.06153846154,342930.09230769234,30.092307692335453,否
IN0398,B6T0000001206,E3,3,5,13,6,浅位,342900.0,342936.1230769231,342948.31384615385,48.31384615384741,否
IN0398,B6T0000001206,E3,3,6,18,2,浅位,342900.0,342954.5046153846,342969.1323076923,69.1323076923145,否
IN0398,B6T0000001206,E3,3,6,18,2,深位,342900.0,342977.76,342992.3876923077,92.38769230770413,否
IN0398,B6T0000001206,E3,3,6,13,40,浅位,342900.0,343001.0153846154,343018.6461538462,118.64615384617355,否
IN0398,B6T0000001206,E3,3,6,9,59,浅位,342900.0,343030.27692307695,343048.4861538462,148.48615384619916,否
IN0398,B6T0000001206,E3,3,6,9,59,深位,342900.0,343060.6953846154,343078.90461538464,178.90461538464297,否
IN0629,B6T0000001882,E1,3,5,7,3,浅位,343380.0,343380.0,343388.48,8.479999999981374,否
IN0629,B6T0000001882,E1,3,5,7,3,深位,343380.0,343390.96,343399.44,19.44000000000233,否
IN0629,B6T0000001882,E1,3,6,7,3,浅位,343380.0,343401.92000000004,343410.4,30.400000000023283,否
IN0629,B6T0000001882,E1,3,6,7,3,深位,343380.0,343412.88000000006,343421.36000000004,41.36000000004424,否
IN0629,B6T0000001882,E1,3,6,2,20,浅位,343380.0,343423.8400000001,343433.5015384616,53.5015384615981,否
IN0063,B6T0000000173,E4,3,6,45,1,深位,344220.0,344220.0,344251.4676923077,31.467692307720426,否
IN0063,B6T0000000173,E4,3,5,45,3,深位,344220.0,344276.9353846154,344308.72307692305,88.72307692305185,否
IN0063,B6T0000000173,E4,3,6,45,3,浅位,344220.0,344334.5107692308,344366.29846153845,146.29846153844846,否
IN0054,B6T0000000146,E4,3,5,43,1,浅位,347700.0,347700.0,347729.9292307692,29.929230769223068,否
IN0054,B6T0000000146,E4,3,5,43,1,深位,347700.0,347753.85846153845,347783.78769230767,83.7876923076692,否
IN0054,B6T0000000146,E4,3,5,44,1,浅位,347700.0,347807.7169230769,347838.41538461536,138.41538461536402,否
IN0054,B6T0000000146,E4,3,5,44,1,深位,347700.0,347863.11384615384,347893.8123076923,193.8123076923075,否
IN0054,B6T0000000146,E4,3,6,44,1,浅位,347700.0,347918.5107692308,347949.20923076925,249.209230769251,否
IN0485,B6T0000001469,E1,3,5,1,6,浅位,356040.0,356040.0,356047.11384615384,7.113846153835766,否
IN0485,B6T0000001469,E1,3,5,1,6,深位,356040.0,356048.2276923077,356055.3415384615,15.341538461507298,否
IN0485,B6T0000001469,E1,3,6,1,6,浅位,356040.0,356056.45538461534,356063.5692307692,23.56923076917883,否
IN0485,B6T0000001469,E1,3,5,5,2,浅位,356040.0,356064.683076923,356072.38769230765,32.38769230764592,否
IN0485,B6T0000001469,E1,3,5,5,2,深位,356040.0,356074.0923076922,356081.79692307685,41.79692307685036,否
IN0485,B6T0000001469,E1,3,6,5,2,浅位,356040.0,356083.5015384614,356091.20615384605,51.206153846054804,否
IN0485,B6T0000001469,E1,3,6,2,20,深位,356040.0,356092.9107692306,356102.57230769214,62.5723076921422,否
IN0485,B6T0000001469,E1,3,5,7,17,浅位,356040.0,356106.2338461537,356116.9538461537,76.95384615368675,否
IN0485,B6T0000001469,E1,3,5,7,17,深位,356040.0,356121.6738461537,356132.3938461537,92.39384615368908,否
IN0463,B6T0000001393,E1,3,5,2,8,浅位,360300.0,360300.0,360307.74153846153,7.741538461530581,否
IN0463,B6T0000001393,E1,3,5,2,8,深位,360300.0,360309.48307692306,360317.2246153846,17.224615384591743,否
IN0463,B6T0000001393,E1,3,6,2,8,浅位,360300.0,360318.9661538461,360326.70769230765,26.707692307652906,否
IN0463,B6T0000001393,E1,3,6,2,8,深位,360300.0,360328.4492307692,360336.1907692307,36.19076923071407,否
IN0264,B6T0000000778,E3,3,6,15,15,浅位,360840.0,360840.0,360854.8615384615,14.861538461525925,否
IN0264,B6T0000000778,E3,3,5,11,33,浅位,360840.0,360863.72307692305,360879.0030769231,39.00307692307979,否
IN0264,B6T0000000778,E3,3,5,11,33,深位,360840.0,360888.28307692305,360903.5630769231,63.56307692307746,否
IN0264,B6T0000000778,E3,3,5,13,62,浅位,360840.0,360912.84307692305,360933.99384615384,93.99384615384042,否
IN0264,B6T0000000778,E3,3,5,13,62,深位,360840.0,360949.1446153846,360970.29538461537,130.29538461536868,否
IN0264,B6T0000000778,E3,3,6,13,62,浅位,360840.0,360985.4461538461,361006.5969230769,166.59692307689693,否
IN0264,B6T0000000778,E3,3,6,13,62,深位,360840.0,361021.74769230763,361042.8984615384,202.89846153842518,否
IN0010,B6T0000000019,E4,3,6,44,1,深位,368340.0,368340.0,368370.6984615385,30.698461538471747,否
IN0010,B6T0000000019,E4,3,6,43,9,深位,368340.0,368395.39692307694,368426.6061538462,86.6061538461945,否
IN0010,B6T0000000019,E4,3,5,45,1,浅位,368340.0,368451.8153846154,368483.2830769231,143.28307692310773,否
IN0605,B6T0000001792,E1,3,6,2,4,深位,378780.0,378780.0,378787.1015384615,7.101538461516611,否
IN0605,B6T0000001792,E1,3,5,1,10,浅位,378780.0,378788.2030769231,378795.95692307694,15.956923076941166,否
IN0605,B6T0000001792,E1,3,5,1,10,深位,378780.0,378797.7107692308,378805.46461538464,25.464615384640638,否
IN0605,B6T0000001792,E1,3,5,8,1,浅位,378780.0,378807.2184615385,378815.6861538462,35.6861538462108,否
IN0375,B6T0000001140,E3,3,5,9,12,浅位,382860.0,382860.0,382870.68923076923,10.689230769232381,否
IN0375,B6T0000001140,E3,3,5,9,12,深位,382860.0,382875.37846153846,382886.0676923077,26.067692307697143,否
IN0375,B6T0000001140,E3,3,5,13,8,浅位,382860.0,382890.75692307693,382903.2676923077,43.267692307708785,否
IN0375,B6T0000001140,E3,3,5,13,8,深位,382860.0,382909.7784615385,382922.28923076927,62.289230769267306,否
IN0375,B6T0000001140,E3,3,6,13,8,浅位,382860.0,382928.80000000005,382941.3107692308,81.31076923082583,否
IN0375,B6T0000001140,E3,3,5,15,6,浅位,382860.0,382947.8215384616,382961.2430769231,101.24307692312868,否
IN0375,B6T0000001140,E3,3,5,15,6,深位,382860.0,382968.6646153847,382982.08615384623,122.08615384623408,否
IN0375,B6T0000001140,E3,3,6,15,6,浅位,382860.0,382989.5076923078,383002.92923076934,142.92923076933948,否
IN0375,B6T0000001140,E3,3,6,15,6,深位,382860.0,383010.3507692309,383023.77230769244,163.77230769244488,否
IN0375,B6T0000001140,E3,3,5,12,66,浅位,382860.0,383031.193846154,383052.3692307694,192.36923076940002,否
IN0375,B6T0000001140,E3,3,5,12,66,深位,382860.0,383067.5446153848,383088.72000000015,228.72000000014668,否
IN0375,B6T0000001140,E3,3,6,12,66,浅位,382860.0,383103.8953846155,383125.0707692309,265.07076923089335,否
IN0501,B6T0000001506,E1,3,6,1,9,浅位,403620.0,403620.0,403627.5938461538,7.59384615381714,否
IN0501,B6T0000001506,E1,3,6,1,9,深位,403620.0,403629.1876923077,403636.7815384615,16.781538461509626,否
IN0501,B6T0000001506,E1,3,5,10,1,浅位,403620.0,403638.3753846154,403647.92,27.919999999983702,否
IN0501,B6T0000001506,E1,3,5,10,1,深位,403620.0,403651.46461538464,403661.00923076924,41.009230769239366,否
IN0501,B6T0000001506,E1,3,6,7,17,浅位,403620.0,403664.5538461539,403675.27384615387,55.27384615386836,否
IN0201,B6T0000000584,E3,3,6,12,66,深位,405420.0,405420.0,405441.1753846154,21.175384615373332,否
IN0201,B6T0000000584,E3,3,5,14,59,浅位,405420.0,405456.35076923075,405477.6369230769,57.63692307687597,否
IN0201,B6T0000000584,E3,3,5,14,59,深位,405420.0,405492.92307692306,405514.2092307692,94.2092307691928,否
IN0201,B6T0000000584,E3,3,6,14,59,浅位,405420.0,405529.4953846154,405550.7815384615,130.78153846150963,否
IN0201,B6T0000000584,E3,3,6,14,59,深位,405420.0,405566.0676923077,405587.3538461538,167.35384615382645,否
IN0043,B6T0000000124,E4,3,5,45,1,深位,428040.0,428040.0,428071.4676923077,31.467692307720426,否
IN0043,B6T0000000124,E4,3,6,45,1,深位,428040.0,428096.9353846154,428128.4030769231,88.40307692310307,否
IN0043,B6T0000000124,E4,3,5,45,3,深位,428040.0,428153.87076923077,428185.65846153843,145.6584615384345,否
IN0056,B6T0000000149,E4,3,6,45,3,深位,428040.0,428211.44615384616,428243.23384615383,203.2338461538311,否
IN0056,B6T0000000149,E4,3,5,45,5,浅位,428040.0,428269.02153846156,428301.12923076923,261.1292307692347,否
IN0361,B6T0000001110,E3,3,5,13,63,浅位,428280.0,428327.23692307697,428348.54769230774,68.54769230773672,否
IN0361,B6T0000001110,E3,3,5,13,63,深位,428280.0,428363.8584615385,428385.1692307693,105.16923076927196,否
IN0361,B6T0000001110,E3,3,6,13,63,浅位,428280.0,428400.48000000004,428421.7907692308,141.7907692308072,否
IN0361,B6T0000001110,E3,3,6,13,63,深位,428280.0,428437.1015384616,428458.41230769234,178.41230769234244,否
IN0361,B6T0000001110,E3,3,5,12,67,浅位,428280.0,428473.7230769231,428495.0584615385,215.05846153851599,否
IN0361,B6T0000001110,E3,3,5,12,67,深位,428280.0,428510.39384615386,428531.72923076927,251.72923076926963,否
IN0361,B6T0000001110,E3,3,6,12,67,浅位,428280.0,428547.0646153846,428568.4,288.4000000000233,否
IN0361,B6T0000001110,E3,3,6,12,67,深位,428280.0,428583.7353846154,428605.0707692308,325.07076923077693,否
IN0361,B6T0000001110,E3,3,5,25,17,深位,428280.0,428620.4061538461,428641.74153846153,361.7415384615306,否
IN0361,B6T0000001110,E3,3,5,14,60,浅位,428280.0,428657.0769230769,428678.52307692304,398.5230769230402,否
IN0056,B6T0000000149,E4,3,5,45,5,深位,428040.0,428693.9692307692,428726.0769230769,686.0769230768783,否
IN0051,B6T0000000142,E4,3,6,45,5,浅位,428100.0,428752.1846153846,428784.2923076923,684.2923076922889,否
IN0051,B6T0000000142,E4,3,6,45,5,深位,428100.0,428810.4,428842.5076923077,742.5076923076995,否
IN0051,B6T0000000142,E4,3,6,45,6,浅位,428100.0,428868.61538461543,428900.88307692314,800.8830769231427,否
IN0193,B6T0000000563,E3,3,5,14,60,深位,428940.0,428940.0,428961.44615384616,21.446153846161906,否
IN0193,B6T0000000563,E3,3,6,14,60,浅位,428940.0,428976.8923076923,428998.3384615385,58.33846153848572,否
IN0193,B6T0000000563,E3,3,6,14,60,深位,428940.0,429013.78461538465,429035.2307692308,95.23076923080953,否
IN0410,B6T0000001247,E3,3,5,13,64,浅位,429600.0,429600.0,429621.47076923074,21.470769230742007,否
IN0410,B6T0000001247,E3,3,5,13,64,深位,429600.0,429636.94153846154,429658.4123076923,58.41230769228423,否
IN0229,B6T0000000668,E3,3,6,13,64,浅位,429720.0,429720.0,429741.47076923074,21.470769230742007,否
IN0229,B6T0000000668,E3,3,6,13,64,深位,429720.0,429756.94153846154,429778.4123076923,58.41230769228423,否
IN0229,B6T0000000668,E3,3,5,12,68,浅位,429720.0,429793.8830769231,429815.37846153846,95.37846153846476,否
IN0072,B6T0000000201,E4,3,6,45,6,深位,429840.0,429840.0,429872.2676923077,32.267692307708785,否
IN0072,B6T0000000201,E4,3,5,46,5,浅位,429840.0,429898.53538461536,429931.4123076923,91.41230769228423,否
IN0295,B6T0000000883,E3,3,5,12,68,深位,430260.0,430260.0,430281.4953846154,21.495384615380317,否
IN0295,B6T0000000883,E3,3,6,12,68,浅位,430260.0,430296.99076923076,430318.48615384614,58.48615384614095,否
IN0295,B6T0000000883,E3,3,6,12,68,深位,430260.0,430333.9815384615,430355.4769230769,95.47692307690158,否
IN0330,B6T0000001010,E3,3,5,15,57,浅位,430260.0,430370.9723076923,430392.55384615384,132.5538461538381,否
IN0330,B6T0000001010,E3,3,5,15,57,深位,430260.0,430408.13538461534,430429.7169230769,169.71692307689227,否
IN0330,B6T0000001010,E3,3,6,15,57,浅位,430260.0,430445.2984615384,430466.87999999995,206.87999999994645,否
IN0318,B6T0000000956,E3,3,6,15,57,深位,430440.0,430482.46153846144,430504.043076923,64.04307692300063,否
IN0318,B6T0000000956,E3,3,5,14,61,浅位,430440.0,430519.6246153845,430541.23076923063,101.2307692306349,否
IN0318,B6T0000000956,E3,3,5,14,61,深位,430440.0,430556.83692307683,430578.44307692297,138.4430769229657,否
IN0015,B6T0000000048,E4,3,5,46,5,深位,430380.0,430594.04923076916,430626.9261538461,246.92615384608507,否
IN0015,B6T0000000048,E4,3,6,46,5,浅位,430380.0,430653.803076923,430686.67999999993,306.6799999999348,否
IN0015,B6T0000000048,E4,3,5,43,50,深位,430380.0,430713.55692307686,430751.3261538461,371.32615384610835,否
IN0015,B6T0000000048,E4,3,6,43,50,浅位,430380.0,430783.0953846153,430820.86461538455,440.8646153845475,否
IN0159,B6T0000000466,E3,3,6,14,61,浅位,431040.0,431040.0,431061.60615384614,21.606153846136294,否
IN0159,B6T0000000466,E3,3,6,14,61,深位,431040.0,431077.21230769233,431098.81846153847,58.81846153846709,否
IN0310,B6T0000000936,E3,3,6,10,1,浅位,434940.0,434940.0,434949.5446153846,9.544615384598728,否
IN0310,B6T0000000936,E3,3,6,10,1,深位,434940.0,434953.08923076926,434962.63384615385,22.633846153854392,否
IN0310,B6T0000000936,E3,3,5,9,11,浅位,434940.0,434966.1784615385,434976.70769230777,36.70769230776932,否
IN0007,B6T0000000013,E4,3,6,43,1,浅位,438780.0,438780.0,438809.9292307692,29.929230769223068,否
IN0007,B6T0000000013,E4,3,6,43,1,深位,438780.0,438833.85846153845,438863.78769230767,83.7876923076692,否
IN0474,B6T0000001427,E1,3,5,2,14,浅位,443160.0,443160.0,443168.70153846155,8.701538461551536,否
IN0474,B6T0000001427,E1,3,5,2,14,深位,443160.0,443171.4030769231,443180.10461538465,20.104615384654608,否
IN0474,B6T0000001427,E1,3,6,2,14,浅位,443160.0,443182.8061538462,443191.50769230776,31.50769230775768,否
IN0474,B6T0000001427,E1,3,6,2,14,深位,443160.0,443194.2092307693,443202.91076923086,42.91076923086075,否
IN0474,B6T0000001427,E1,3,5,8,3,浅位,443160.0,443205.6123076924,443214.4000000001,54.40000000008149,否
IN0474,B6T0000001427,E1,3,5,9,11,深位,443160.0,443217.1876923078,443227.71692307707,67.7169230770669,否
IN0474,B6T0000001427,E1,3,6,9,11,浅位,443160.0,443232.24615384627,443242.7753846155,82.77538461552467,否
IN0474,B6T0000001427,E1,3,6,9,11,深位,443160.0,443247.3046153847,443257.833846154,97.83384615398245,否
IN0474,B6T0000001427,E1,3,5,9,30,浅位,443160.0,443262.3630769232,443275.9323076924,115.93230769241927,否
IN0474,B6T0000001427,E1,3,5,17,1,浅位,443160.0,443283.50153846166,443297.35384615394,137.35384615394287,否
IN0474,B6T0000001427,E1,3,5,17,1,深位,443160.0,443305.2061538463,443319.0584615386,159.0584615385742,否
IN0474,B6T0000001427,E1,3,6,17,1,浅位,443160.0,443326.9107692309,443340.7630769232,180.76307692320552,否
IN0474,B6T0000001427,E1,3,5,10,29,深位,443160.0,443348.61538461555,443362.6400000002,202.6400000001886,否
IN0474,B6T0000001427,E1,3,6,10,29,浅位,443160.0,443370.66461538477,443384.6892307694,224.689230769407,否
IN0474,B6T0000001427,E1,3,5,19,2,浅位,443160.0,443392.713846154,443407.95692307706,247.95692307705758,否
IN0474,B6T0000001427,E1,3,5,19,2,深位,443160.0,443417.2000000001,443432.4430769232,272.44307692319853,否
IN0474,B6T0000001427,E1,3,6,19,2,浅位,443160.0,443441.68615384627,443456.92923076934,296.9292307693395,否
IN0474,B6T0000001427,E1,3,6,19,2,深位,443160.0,443466.1723076924,443481.4153846155,321.41538461548043,否
IN0474,B6T0000001427,E1,3,5,8,50,浅位,443160.0,443490.65846153855,443506.96615384624,346.96615384623874,否
IN0474,B6T0000001427,E1,3,5,8,50,深位,443160.0,443517.2738461539,443533.5815384616,373.5815384616144,否
IN0474,B6T0000001427,E1,3,6,5,57,深位,443160.0,443543.8892307693,443560.3938461539,400.3938461539219,否
IN0474,B6T0000001427,E1,3,5,4,59,浅位,443160.0,443570.89846153854,443587.4153846155,427.41538461548043,否
IN0028,B6T0000000088,E4,3,5,43,2,浅位,447240.0,447240.0,447270.08923076926,30.089230769255664,否
IN0028,B6T0000000088,E4,3,5,43,2,深位,447240.0,447294.17846153845,447324.2676923077,84.26769230770878,否
IN0028,B6T0000000088,E4,3,6,43,2,浅位,447240.0,447348.3569230769,447378.44615384616,138.4461538461619,否
IN0028,B6T0000000088,E4,3,6,43,2,深位,447240.0,447402.53538461536,447432.6246153846,192.62461538461503,否
IN0028,B6T0000000088,E4,3,5,46,2,深位,447240.0,447456.7138461538,447489.11076923076,249.11076923075598,否
IN0028,B6T0000000088,E4,3,6,43,50,深位,447240.0,447515.50769230764,447553.2769230769,313.27692307688994,否
IN0028,B6T0000000088,E4,3,5,46,36,深位,447240.0,447585.0461538461,447622.883076923,382.88307692302624,否
IN0028,B6T0000000088,E4,3,5,43,51,浅位,447240.0,447654.7199999999,447692.64923076914,452.6492307691369,是
IN0028,B6T0000000088,E4,3,5,43,51,深位,447240.0,447730.57846153836,447768.5076923076,528.507692307583,是
IN0028,B6T0000000088,E4,3,6,43,51,浅位,447240.0,447806.4369230768,447844.36615384603,604.3661538460292,是
IN0028,B6T0000000088,E4,3,6,43,51,深位,447240.0,447882.29538461525,447920.2246153845,680.2246153844753,是
IN0028,B6T0000000088,E4,3,5,44,47,浅位,447240.0,447958.1538461537,447996.21230769216,756.2123076921562,否
IN0028,B6T0000000088,E4,3,5,44,47,深位,447240.0,448028.2707692306,448066.3292307691,826.3292307690717,否
IN0028,B6T0000000088,E4,3,6,44,47,浅位,447240.0,448098.38769230753,448136.446153846,896.4461538459873,否
IN0028,B6T0000000088,E4,3,6,44,47,深位,447240.0,448168.50461538445,448206.5630769229,966.5630769229028,否
IN0028,B6T0000000088,E4,3,5,43,52,浅位,447240.0,448238.62153846136,448276.7107692306,1036.7107692306163,否
IN0028,B6T0000000088,E4,3,5,43,52,深位,447240.0,448308.7999999998,448346.88923076907,1106.8892307690694,否
IN0621,B6T0000001842,E1,3,5,4,5,浅位,453720.0,453720.0,453727.8769230769,7.876923076924868,否
IN0621,B6T0000001842,E1,3,5,4,5,深位,453720.0,453729.75384615385,453737.6307692308,17.630769230774604,否
IN0621,B6T0000001842,E1,3,6,4,5,浅位,453720.0,453739.5076923077,453747.3846153846,27.38461538462434,否
IN0621,B6T0000001842,E1,3,6,4,5,深位,453720.0,453749.26153846155,453757.1384615385,37.138461538474075,否
IN0120,B6T0000000338,E3,3,5,10,1,浅位,455520.0,455520.0,455529.5446153846,9.544615384598728,否
IN0120,B6T0000000338,E3,3,5,10,1,深位,455520.0,455533.08923076926,455542.63384615385,22.633846153854392,否
IN0120,B6T0000000338,E3,3,5,9,15,浅位,455520.0,455546.1784615385,455557.3476923077,37.34769230772508,否
IN0120,B6T0000000338,E3,3,5,9,15,深位,455520.0,455562.516923077,455573.6861538462,53.6861538462108,否
IN0593,B6T0000001764,E1,3,5,2,7,浅位,459960.0,459960.0,459967.58153846156,7.5815384615561925,否
IN0593,B6T0000001764,E1,3,5,2,7,深位,459960.0,459969.16307692305,459976.7446153846,16.74461538461037,否
IN0653,B6T0000001972,E1,4,8,1,2,深位,3360.0,3360.0,3366.4738461538464,6.4738461538463525,否
IN0653,B6T0000001972,E1,4,7,1,12,深位,3360.0,3366.9476923076923,3375.0215384615385,15.021538461538512,否
IN0653,B6T0000001972,E1,4,7,5,5,深位,3360.0,3377.095384615385,3385.28,25.2800000000002,否
IN0011,B6T0000000023,E4,4,8,43,2,深位,10680.0,10680.0,10710.08923076923,30.0892307692302,否
IN0011,B6T0000000023,E4,4,7,43,11,深位,10680.0,10734.178461538462,10765.707692307693,85.70769230769292,否
IN0355,B6T0000001099,E3,4,8,14,2,深位,12300.0,12300.0,12312.166153846154,12.166153846153975,否
IN0355,B6T0000001099,E3,4,8,17,2,深位,12300.0,12318.332307692308,12332.344615384616,32.34461538461619,否
IN0263,B6T0000000777,E3,4,7,15,4,浅位,19680.0,19680.0,19693.10153846154,13.10153846153844,否
IN0263,B6T0000000777,E3,4,7,15,4,深位,19680.0,19700.203076923077,19713.304615384615,33.30461538461532,否
IN0263,B6T0000000777,E3,4,8,15,4,浅位,19680.0,19720.406153846154,19733.507692307692,53.507692307692196,否
IN0263,B6T0000000777,E3,4,8,15,4,深位,19680.0,19740.60923076923,19753.71076923077,73.71076923076907,是
IN0263,B6T0000000777,E3,4,8,12,27,深位,19680.0,19778.332307692308,19793.267692307694,113.26769230769423,是
IN0263,B6T0000000777,E3,4,8,19,5,深位,19680.0,19812.363076923077,19828.086153846154,148.08615384615405,否
IN0607,B6T0000001794,E1,4,7,7,5,浅位,48720.0,48720.0,48728.8,8.80000000000291,否
IN0607,B6T0000001794,E1,4,7,7,5,深位,48720.0,48731.6,48740.4,20.400000000001455,否
IN0268,B6T0000000799,E3,4,8,14,2,深位,48960.0,48960.0,48972.166153846156,12.166153846155794,否
IN0268,B6T0000000799,E3,4,8,17,2,深位,48960.0,48978.332307692304,48992.34461538461,32.344615384608915,否
IN0268,B6T0000000799,E3,4,7,18,15,浅位,48960.0,49000.35692307692,49017.06461538461,57.06461538461008,否
IN0268,B6T0000000799,E3,4,7,18,15,深位,48960.0,49027.77230769231,49044.479999999996,84.47999999999593,否
IN0268,B6T0000000799,E3,4,7,21,12,深位,48960.0,49055.18769230769,49073.26153846154,113.26153846154193,否
IN0268,B6T0000000799,E3,4,8,24,2,深位,48960.0,49085.335384615384,49103.655384615384,143.6553846153838,否
IN0268,B6T0000000799,E3,4,7,14,42,深位,48960.0,49115.97538461538,49134.54153846154,174.54153846154077,否
IN0268,B6T0000000799,E3,4,8,14,42,浅位,48960.0,49147.10769230769,49165.67384615385,205.673846153848,否
IN0268,B6T0000000799,E3,4,8,14,42,深位,48960.0,49178.24,49196.806153846155,236.8061538461552,否
IN0546,B6T0000001636,E1,4,8,7,5,浅位,49200.0,49209.372307692305,49218.17230769231,18.172307692308095,否
IN0546,B6T0000001636,E1,4,8,7,5,深位,49200.0,49220.972307692304,49229.77230769231,29.77230769230664,否
IN0546,B6T0000001636,E1,4,7,6,7,浅位,49200.0,49232.5723076923,49241.38461538461,41.38461538460979,否
IN0546,B6T0000001636,E1,4,7,6,7,深位,49200.0,49244.19692307692,49253.009230769225,53.009230769224814,否
IN0268,B6T0000000799,E3,4,7,9,63,深位,48960.0,49255.82153846153,49274.67076923076,314.6707692307609,否
IN0268,B6T0000000799,E3,4,7,23,10,深位,48960.0,49287.52,49306.50461538461,346.5046153846124,否
IN0268,B6T0000000799,E3,4,7,9,64,浅位,48960.0,49319.48923076923,49338.49846153846,378.4984615384601,否
IN0268,B6T0000000799,E3,4,7,9,64,深位,48960.0,49351.50769230769,49370.516923076924,410.5169230769243,否
IN0268,B6T0000000799,E3,4,8,9,64,浅位,48960.0,49383.52615384616,49402.53538461539,442.53538461538847,否
IN0268,B6T0000000799,E3,4,8,9,64,深位,48960.0,49415.54461538462,49434.55384615385,474.55384615385265,否
IN0268,B6T0000000799,E3,4,7,10,61,深位,48960.0,49447.563076923085,49466.7076923077,506.70769230769656,否
IN0268,B6T0000000799,E3,4,7,9,65,浅位,48960.0,49479.852307692316,49499.021538461544,539.021538461544,否
IN0268,B6T0000000799,E3,4,7,9,65,深位,48960.0,49512.19076923078,49531.36000000001,571.3600000000079,否
IN0268,B6T0000000799,E3,4,8,9,65,浅位,48960.0,49544.52923076924,49563.69846153847,603.6984615384717,否
IN0268,B6T0000000799,E3,4,8,9,65,深位,48960.0,49576.86769230771,49596.036923076936,636.0369230769356,否
IN0268,B6T0000000799,E3,4,7,11,58,深位,48960.0,49609.20615384617,49628.48615384617,668.48615384617,否
IN0268,B6T0000000799,E3,4,7,9,66,浅位,48960.0,49641.76615384617,49661.0953846154,701.0953846154007,否
IN0268,B6T0000000799,E3,4,7,9,66,深位,48960.0,49674.42461538463,49693.753846153864,733.7538461538643,否
IN0268,B6T0000000799,E3,4,8,9,66,浅位,48960.0,49707.083076923096,49726.41230769233,766.4123076923279,否
IN0268,B6T0000000799,E3,4,8,9,66,深位,48960.0,49739.74153846156,49759.07076923079,799.0707692307915,否
IN0268,B6T0000000799,E3,4,7,10,63,浅位,48960.0,49772.40000000002,49791.86461538464,831.8646153846421,否
IN0604,B6T0000001791,E1,4,8,6,7,浅位,50760.0,50760.0,50768.81230769231,8.812307692307513,否
IN0604,B6T0000001791,E1,4,8,6,7,深位,50760.0,50771.624615384615,50780.43692307692,20.43692307692254,否
IN0604,B6T0000001791,E1,4,8,7,6,深位,50760.0,50783.24923076923,50792.20923076923,32.20923076922918,否
IN0604,B6T0000001791,E1,4,7,2,18,深位,50760.0,50795.16923076923,50804.510769230765,44.51076923076471,否
IN0604,B6T0000001791,E1,4,7,1,21,深位,50760.0,50807.85230769231,50817.36615384615,57.36615384615288,否
IN0604,B6T0000001791,E1,4,8,6,12,深位,50760.0,50820.88,50830.49230769231,70.4923076923078,否
IN0604,B6T0000001791,E1,4,7,7,13,浅位,50760.0,50834.10461538461,50844.18461538461,84.1846153846127,否
IN0604,B6T0000001791,E1,4,7,7,13,深位,50760.0,50848.264615384614,50858.344615384616,98.34461538461619,否
IN0420,B6T0000001285,E3,4,7,10,31,浅位,51240.0,51240.0,51254.344615384616,14.34461538461619,否
IN0420,B6T0000001285,E3,4,7,10,31,深位,51240.0,51262.68923076923,51277.03384615385,37.03384615384857,否
IN0420,B6T0000001285,E3,4,8,10,31,浅位,51240.0,51285.378461538465,51299.72307692308,59.72307692308095,否
IN0144,B6T0000000432,E3,4,8,10,31,深位,55200.0,55200.0,55214.344615384616,14.34461538461619,否
IN0144,B6T0000000432,E3,4,7,10,63,深位,55200.0,55222.68923076923,55242.15384615385,42.15384615385119,否
IN0144,B6T0000000432,E3,4,8,10,63,浅位,55200.0,55255.61846153846,55275.08307692308,75.08307692308153,否
IN0144,B6T0000000432,E3,4,8,10,63,深位,55200.0,55288.54769230769,55308.01230769231,108.01230769231188,否
IN0144,B6T0000000432,E3,4,7,9,67,浅位,55200.0,55321.47692307692,55340.96615384615,140.96615384615143,否
IN0562,B6T0000001666,E1,4,7,5,2,浅位,59220.0,59220.0,59227.70461538462,7.704615384616773,否
IN0562,B6T0000001666,E1,4,7,5,2,深位,59220.0,59229.40923076923,59237.11384615385,17.113846153850318,否
IN0562,B6T0000001666,E1,4,8,5,2,浅位,59220.0,59238.81846153847,59246.523076923084,26.523076923083863,否
IN0444,B6T0000001346,E1,4,8,5,2,深位,59400.0,59400.0,59407.70461538462,7.704615384616773,否
IN0444,B6T0000001346,E1,4,7,2,8,浅位,59400.0,59409.40923076923,59417.15076923077,17.150769230771402,否
IN0164,B6T0000000481,E3,4,7,9,10,浅位,59400.0,59418.89230769231,59429.26153846154,29.26153846154193,否
IN0164,B6T0000000481,E3,4,7,9,10,深位,59400.0,59433.63076923077,59444.0,44.0,否
IN0164,B6T0000000481,E3,4,8,9,10,浅位,59400.0,59448.369230769225,59458.73846153846,58.73846153845807,否
IN0164,B6T0000000481,E3,4,8,9,10,深位,59400.0,59463.10769230768,59473.476923076916,73.47692307691614,否
IN0164,B6T0000000481,E3,4,7,9,67,深位,59400.0,59477.84615384614,59497.33538461537,97.33538461536955,否
IN0164,B6T0000000481,E3,4,8,9,67,浅位,59400.0,59510.824615384605,59530.31384615383,130.31384615383286,否
IN0053,B6T0000000145,E4,4,7,45,3,浅位,82440.0,82440.0,82471.7876923077,31.787692307698308,否
IN0053,B6T0000000145,E4,4,7,45,3,深位,82440.0,82497.57538461538,82529.36307692308,89.36307692308037,否
IN0053,B6T0000000145,E4,4,8,45,3,浅位,82440.0,82555.15076923076,82586.93846153846,146.93846153846243,否
IN0477,B6T0000001437,E1,4,7,2,8,深位,83160.0,83160.0,83167.74153846155,7.741538461545133,否
IN0477,B6T0000001437,E1,4,8,2,8,浅位,83160.0,83169.48307692308,83177.22461538462,17.224615384620847,否
IN0477,B6T0000001437,E1,4,8,2,8,深位,83160.0,83178.96615384615,83186.7076923077,26.70769230769656,否
IN0477,B6T0000001437,E1,4,7,8,1,浅位,83160.0,83188.44923076923,83196.91692307692,36.916923076918465,否
IN0477,B6T0000001437,E1,4,7,8,1,深位,83160.0,83199.38461538461,83207.8523076923,47.85230769230111,否
IN0477,B6T0000001437,E1,4,8,8,1,浅位,83160.0,83210.31999999999,83218.78769230768,58.787692307683756,否
IN0533,B6T0000001583,E1,4,8,8,1,深位,84060.0,84060.0,84068.46769230769,8.467692307691323,否
IN0533,B6T0000001583,E1,4,7,2,15,浅位,84060.0,84070.93538461538,84079.79692307692,19.79692307692312,否
IN0533,B6T0000001583,E1,4,7,2,15,深位,84060.0,84082.65846153846,84091.52,31.520000000004075,否
IN0313,B6T0000000940,E3,4,8,24,3,浅位,87000.0,87000.0,87018.48,18.479999999995925,否
IN0313,B6T0000000940,E3,4,8,24,3,深位,87000.0,87030.96,87049.44,49.44000000000233,否
IN0313,B6T0000000940,E3,4,7,20,24,浅位,87000.0,87061.92000000001,87081.29846153848,81.29846153847757,是
IN0414,B6T0000001266,E3,4,7,14,5,浅位,90000.0,90000.0,90012.64615384616,12.646153846158995,否
IN0414,B6T0000001266,E3,4,7,23,8,浅位,90000.0,90019.2923076923,90037.95692307691,37.95692307691206,否
IN0414,B6T0000001266,E3,4,7,23,8,深位,90000.0,90050.62153846154,90069.28615384614,69.28615384614386,否
IN0482,B6T0000001460,E1,4,7,1,9,浅位,91800.0,91800.0,91807.59384615385,7.593846153846243,否
IN0482,B6T0000001460,E1,4,7,1,9,深位,91800.0,91809.18769230769,91816.78153846154,16.78153846153873,否
IN0482,B6T0000001460,E1,4,8,1,9,浅位,91800.0,91818.37538461538,91825.96923076923,25.969230769231217,否
IN0482,B6T0000001460,E1,4,8,1,9,深位,91800.0,91827.56307692308,91835.15692307692,35.156923076923704,否
IN0267,B6T0000000788,E3,4,7,21,10,浅位,96540.0,96540.0,96557.75384615385,17.753846153849736,否
IN0267,B6T0000000788,E3,4,7,21,10,深位,96540.0,96569.5076923077,96587.26153846155,47.26153846154921,否
IN0267,B6T0000000788,E3,4,8,21,10,浅位,96540.0,96599.0153846154,96616.76923076925,76.76923076924868,否
IN0483,B6T0000001463,E1,4,8,7,13,浅位,106920.0,106920.0,106930.08,10.080000000001746,否
IN0483,B6T0000001463,E1,4,8,7,13,深位,106920.0,106934.16,106944.24,24.24000000000524,否
IN0483,B6T0000001463,E1,4,8,7,14,深位,106920.0,106948.32,106958.56000000001,38.560000000012224,否
IN0483,B6T0000001463,E1,4,8,6,16,深位,106920.0,106962.8,106973.05230769231,53.05230769231275,否
IN0483,B6T0000001463,E1,4,8,2,24,深位,106920.0,106977.30461538462,106987.60615384617,67.6061538461654,否
IN0493,B6T0000001481,E1,4,8,3,23,深位,108180.0,108180.0,108190.44923076923,10.449230769227142,否
IN0493,B6T0000001481,E1,4,8,6,18,深位,108180.0,108194.89846153845,108205.47076923076,25.47076923075656,否
IN0493,B6T0000001481,E1,4,7,2,26,深位,108180.0,108210.04307692307,108220.66461538461,40.664615384608624,否
IN0103,B6T0000000292,E4,4,7,43,3,浅位,110760.0,110760.0,110790.24923076923,30.249230769230053,否
IN0103,B6T0000000292,E4,4,7,43,3,深位,110760.0,110814.49846153846,110844.74769230769,84.74769230769016,否
IN0103,B6T0000000292,E4,4,8,43,3,浅位,110760.0,110868.99692307692,110899.24615384615,139.24615384615026,否
IN0103,B6T0000000292,E4,4,8,43,3,深位,110760.0,110923.49538461538,110953.74461538461,193.74461538461037,否
IN0103,B6T0000000292,E4,4,7,44,11,浅位,110760.0,110977.99384615384,111010.2923076923,250.29230769230344,否
IN0103,B6T0000000292,E4,4,7,44,11,深位,110760.0,111036.59076923077,111068.88923076923,308.88923076922947,否
IN0103,B6T0000000292,E4,4,8,44,11,浅位,110760.0,111095.18769230769,111127.48615384616,367.4861538461555,否
IN0103,B6T0000000292,E4,4,8,44,11,深位,110760.0,111153.78461538462,111186.08307692308,426.08307692308153,否
IN0103,B6T0000000292,E4,4,7,46,5,浅位,110760.0,111212.38153846154,111245.25846153847,485.2584615384694,否
IN0103,B6T0000000292,E4,4,7,46,5,深位,110760.0,111272.1353846154,111305.01230769232,545.0123076923192,否
IN0103,B6T0000000292,E4,4,7,43,21,深位,110760.0,111331.88923076924,111365.01846153848,605.0184615384787,否
IN0103,B6T0000000292,E4,4,8,46,9,深位,110760.0,111392.1476923077,111425.66461538462,665.6646153846232,否
IN0274,B6T0000000824,E3,4,7,12,14,浅位,116880.0,116880.0,116892.85538461538,12.855384615380899,否
IN0274,B6T0000000824,E3,4,7,12,14,深位,116880.0,116899.71076923078,116912.56615384616,32.56615384615725,否
IN0274,B6T0000000824,E3,4,8,12,14,浅位,116880.0,116919.42153846155,116932.27692307693,52.2769230769336,否
IN0505,B6T0000001518,E1,4,7,2,2,浅位,118560.0,118560.0,118566.78153846154,6.78153846153873,否
IN0505,B6T0000001518,E1,4,7,2,2,深位,118560.0,118567.56307692308,118574.34461538462,14.34461538461619,否
IN0602,B6T0000001782,E1,4,8,2,2,浅位,121860.0,121860.0,121866.78153846154,6.78153846153873,否
IN0602,B6T0000001782,E1,4,8,2,2,深位,121860.0,121867.56307692308,121874.34461538462,14.34461538461619,否
IN0602,B6T0000001782,E1,4,7,6,22,浅位,121860.0,121875.12615384615,121886.33846153846,26.338461538456613,否
IN0602,B6T0000001782,E1,4,7,6,22,深位,121860.0,121891.55076923077,121902.76307692307,42.76307692307455,否
IN0323,B6T0000000973,E3,4,7,9,4,浅位,125640.0,125640.0,125649.40923076923,9.409230769233545,否
IN0323,B6T0000000973,E3,4,7,9,4,深位,125640.0,125652.81846153847,125662.2276923077,22.227692307700636,否
IN0323,B6T0000000973,E3,4,8,9,4,浅位,125640.0,125665.63692307693,125675.04615384617,35.046153846167726,否
IN0412,B6T0000001252,E3,4,8,9,4,深位,127260.0,127260.0,127269.40923076923,9.409230769233545,否
IN0412,B6T0000001252,E3,4,7,20,3,浅位,127260.0,127272.81846153847,127288.83692307693,28.83692307693127,否
IN0009,B6T0000000016,E4,4,8,45,19,深位,127440.0,127440.0,127474.3476923077,34.34769230769598,否
IN0009,B6T0000000016,E4,4,7,48,7,浅位,127440.0,127502.69538461538,127537.43076923076,97.43076923076296,否
IN0009,B6T0000000016,E4,4,7,48,7,深位,127440.0,127566.16615384615,127600.90153846153,160.90153846153407,否
IN0035,B6T0000000104,E4,4,8,48,7,浅位,131760.0,131760.0,131794.73538461537,34.735384615371004,否
IN0035,B6T0000000104,E4,4,7,44,27,深位,131760.0,131823.47076923077,131858.32923076925,98.32923076924635,否
IN0035,B6T0000000104,E4,4,7,47,26,深位,131760.0,131887.1876923077,131924.19384615385,164.19384615385206,否
IN0035,B6T0000000104,E4,4,7,43,49,浅位,131760.0,131955.2,131992.80923076926,232.80923076925683,否
IN0035,B6T0000000104,E4,4,7,43,49,深位,131760.0,132024.41846153847,132062.02769230772,302.0276923077181,否
IN0035,B6T0000000104,E4,4,8,43,49,浅位,131760.0,132093.63692307693,132131.24615384618,371.24615384617937,否
IN0035,B6T0000000104,E4,4,8,43,49,深位,131760.0,132162.8553846154,132200.46461538464,440.46461538464064,否
IN0035,B6T0000000104,E4,4,7,43,50,浅位,131760.0,132232.07384615386,132269.84307692308,509.8430769230763,否
IN0035,B6T0000000104,E4,4,7,43,50,深位,131760.0,132301.61230769232,132339.38153846154,579.3815384615446,否
IN0035,B6T0000000104,E4,4,8,43,50,浅位,131760.0,132371.1507692308,132408.92,648.9200000000128,否
IN0035,B6T0000000104,E4,4,8,43,50,深位,131760.0,132440.68923076926,132478.45846153848,718.4584615384811,否
IN0035,B6T0000000104,E4,4,7,43,51,浅位,131760.0,132510.22769230773,132548.15692307695,788.1569230769528,否
IN0035,B6T0000000104,E4,4,7,43,51,深位,131760.0,132580.0861538462,132618.01538461543,858.015384615428,否
IN0035,B6T0000000104,E4,4,8,43,51,浅位,131760.0,132649.94461538468,132687.8738461539,927.8738461539033,否
IN0035,B6T0000000104,E4,4,8,43,51,深位,131760.0,132719.80307692316,132757.73230769238,997.7323076923785,否
IN0035,B6T0000000104,E4,4,7,44,47,浅位,131760.0,132789.66153846163,132827.7200000001,1067.7200000000885,否
IN0035,B6T0000000104,E4,4,7,44,47,深位,131760.0,132859.77846153855,132897.836923077,1137.836923077004,否
IN0154,B6T0000000451,E3,4,7,20,3,深位,169200.0,169200.0,169216.01846153845,16.01846153844963,否
IN0154,B6T0000000451,E3,4,8,20,3,浅位,169200.0,169226.03692307693,169242.05538461538,42.05538461537799,否
IN0154,B6T0000000451,E3,4,7,11,46,浅位,169200.0,169252.07384615386,169269.43384615384,69.43384615384275,否
IN0154,B6T0000000451,E3,4,7,11,46,深位,169200.0,169280.79384615386,169298.15384615384,98.15384615384392,否
IN0154,B6T0000000451,E3,4,7,23,3,浅位,169200.0,169309.51384615386,169327.37846153846,127.37846153846476,否
IN0232,B6T0000000678,E3,4,7,23,3,深位,169680.0,169680.0,169697.8646153846,17.864615384605713,否
IN0232,B6T0000000678,E3,4,8,23,3,浅位,169680.0,169709.72923076924,169727.59384615385,47.59384615384624,否
IN0232,B6T0000000678,E3,4,8,23,3,深位,169680.0,169739.45846153848,169757.3230769231,77.32307692308677,否
IN0232,B6T0000000678,E3,4,8,23,8,浅位,169680.0,169769.18769230772,169787.85230769234,107.85230769234477,否
IN0232,B6T0000000678,E3,4,8,23,8,深位,169680.0,169800.51692307694,169819.18153846156,139.181538461562,否
IN0232,B6T0000000678,E3,4,8,9,63,浅位,169680.0,169831.84615384616,169850.6953846154,170.69538461539196,否
IN0232,B6T0000000678,E3,4,8,9,63,深位,169680.0,169863.54461538463,169882.39384615386,202.3938461538637,否
IN0232,B6T0000000678,E3,4,7,21,18,浅位,169680.0,169895.2430769231,169914.27692307695,234.27692307694815,否
IN0232,B6T0000000678,E3,4,7,20,24,深位,169680.0,169927.3107692308,169946.68923076926,266.6892307692615,否
IN0232,B6T0000000678,E3,4,8,9,67,深位,169680.0,169960.06769230773,169979.55692307695,299.556923076947,否
IN0232,B6T0000000678,E3,4,7,10,64,浅位,169680.0,169993.0461538462,170012.6707692308,332.67076923081186,否
IN0232,B6T0000000678,E3,4,7,10,64,深位,169680.0,170026.29538461543,170045.92000000004,365.9200000000419,否
IN0232,B6T0000000678,E3,4,8,10,64,浅位,169680.0,170059.54461538466,170079.16923076927,399.16923076927196,否
IN0232,B6T0000000678,E3,4,8,10,64,深位,169680.0,170092.7938461539,170112.4184615385,432.418461538502,否
IN0232,B6T0000000678,E3,4,7,9,68,浅位,169680.0,170126.04307692312,170145.69230769234,465.6923076923413,否
IN0232,B6T0000000678,E3,4,7,9,68,深位,169680.0,170159.34153846157,170178.9907692308,498.99076923078974,否
IN0232,B6T0000000678,E3,4,8,9,68,浅位,169680.0,170192.64,170212.28923076924,532.2892307692382,否
IN0232,B6T0000000678,E3,4,8,9,68,深位,169680.0,170225.93846153846,170245.5876923077,565.5876923076867,否
IN0232,B6T0000000678,E3,4,7,11,61,浅位,169680.0,170259.2369230769,170278.99692307692,598.9969230769202,否
IN0232,B6T0000000678,E3,4,7,11,61,深位,169680.0,170292.7569230769,170312.5169230769,632.5169230769097,否
IN0232,B6T0000000678,E3,4,8,11,61,浅位,169680.0,170326.2769230769,170346.0369230769,666.0369230768993,否
IN0232,B6T0000000678,E3,4,8,11,61,深位,169680.0,170359.79692307688,170379.5569230769,699.5569230768888,否
IN0232,B6T0000000678,E3,4,7,10,65,浅位,169680.0,170393.31692307687,170413.1015384615,733.1015384614875,否
IN0232,B6T0000000678,E3,4,7,10,65,深位,169680.0,170426.8861538461,170446.67076923072,766.6707692307245,否
IN0654,B6T0000001973,E1,4,7,6,9,浅位,170460.0,170460.45538461534,170469.58769230766,9.587692307657562,否
IN0654,B6T0000001973,E1,4,7,6,9,深位,170460.0,170472.71999999997,170481.8523076923,21.85230769228656,否
IN0654,B6T0000001973,E1,4,8,6,22,浅位,170460.0,170484.9846153846,170496.1969230769,36.19692307690275,否
IN0654,B6T0000001973,E1,4,8,6,22,深位,170460.0,170501.4092307692,170512.6215384615,52.621538461506134,否
IN0232,B6T0000000678,E3,4,8,10,65,浅位,169680.0,170517.8338461538,170537.61846153843,857.6184615384263,否
IN0232,B6T0000000678,E3,4,8,10,65,深位,169680.0,170551.40307692304,170571.18769230766,891.1876923076634,否
IN0232,B6T0000000678,E3,4,7,11,62,浅位,169680.0,170584.97230769228,170604.8923076923,924.8923076922947,否
IN0232,B6T0000000678,E3,4,7,11,62,深位,169680.0,170618.81230769228,170638.7323076923,958.7323076922912,否
IN0232,B6T0000000678,E3,4,8,11,62,浅位,169680.0,170652.65230769227,170672.5723076923,992.5723076922877,否
IN0232,B6T0000000678,E3,4,8,11,62,深位,169680.0,170686.49230769227,170706.41230769228,1026.4123076922842,否
IN0232,B6T0000000678,E3,4,7,10,66,浅位,169680.0,170720.33230769227,170740.2769230769,1060.27692307689,否
IN0232,B6T0000000678,E3,4,7,10,66,深位,169680.0,170754.2215384615,170774.16615384613,1094.166153846134,否
IN0232,B6T0000000678,E3,4,8,10,66,浅位,169680.0,170788.11076923076,170808.05538461538,1128.055384615378,否
IN0232,B6T0000000678,E3,4,8,10,66,深位,169680.0,170822.0,170841.94461538462,1161.944615384622,否
IN0232,B6T0000000678,E3,4,7,11,63,浅位,169680.0,170855.88923076924,170875.96923076923,1195.9692307692312,否
IN0232,B6T0000000678,E3,4,7,11,63,深位,169680.0,170890.04923076925,170910.12923076923,1230.1292307692347,否
IN0232,B6T0000000678,E3,4,8,11,63,浅位,169680.0,170924.20923076925,170944.28923076924,1264.2892307692382,否
IN0232,B6T0000000678,E3,4,8,11,63,深位,169680.0,170958.36923076925,170978.44923076924,1298.4492307692417,否
IN0232,B6T0000000678,E3,4,7,10,67,浅位,169680.0,170992.52923076926,171012.63384615388,1332.6338461538835,否
IN0232,B6T0000000678,E3,4,7,10,67,深位,169680.0,171026.73846153848,171046.8430769231,1366.8430769231054,否
IN0553,B6T0000001650,E1,4,8,4,26,深位,171060.0,171060.9476923077,171072.1846153846,12.184615384612698,否
IN0553,B6T0000001650,E1,4,7,8,19,浅位,171060.0,171077.42153846155,171088.76923076925,28.76923076924868,否
IN0232,B6T0000000678,E3,4,8,10,67,浅位,169680.0,171094.11692307694,171114.22153846157,1434.2215384615702,否
IN0232,B6T0000000678,E3,4,8,10,67,深位,169680.0,171128.32615384617,171148.4307692308,1468.430769230792,否
IN0232,B6T0000000678,E3,4,7,12,60,浅位,169680.0,171162.5353846154,171182.75076923077,1502.75076923077,否
IN0232,B6T0000000678,E3,4,7,12,60,深位,169680.0,171196.96615384615,171217.18153846153,1537.181538461533,否
IN0232,B6T0000000678,E3,4,8,12,60,浅位,169680.0,171231.3969230769,171251.6123076923,1571.6123076922959,否
IN0232,B6T0000000678,E3,4,8,12,60,深位,169680.0,171265.82769230768,171286.04307692306,1606.0430769230588,否
IN0479,B6T0000001442,E1,4,7,5,26,深位,171300.0,171300.25846153844,171311.80307692307,11.803076923068147,否
IN0479,B6T0000001442,E1,4,8,5,26,浅位,171300.0,171317.34769230767,171328.8923076923,28.892307692294708,否
IN0479,B6T0000001442,E1,4,8,5,26,深位,171300.0,171334.4369230769,171345.98153846152,45.98153846152127,否
IN0479,B6T0000001442,E1,4,8,2,33,深位,171300.0,171351.52615384612,171363.26769230765,63.26769230765058,否
IN0479,B6T0000001442,E1,4,7,5,28,浅位,171300.0,171369.0092307692,171380.87384615382,80.87384615381598,否
IN0479,B6T0000001442,E1,4,7,5,28,深位,171300.0,171386.73846153845,171398.60307692306,98.6030769230565,否
IN0479,B6T0000001442,E1,4,8,5,28,浅位,171300.0,171404.4676923077,171416.3323076923,116.33230769229704,否
IN0232,B6T0000000678,E3,4,7,11,64,浅位,169680.0,171422.19692307693,171442.43692307692,1762.4369230769225,否
IN0359,B6T0000001104,E3,4,7,11,64,深位,169680.0,171456.67692307694,171476.91692307693,1796.916923076933,否
IN0359,B6T0000001104,E3,4,8,11,64,浅位,169680.0,171491.15692307695,171511.39692307694,1831.3969230769435,否
IN0359,B6T0000001104,E3,4,8,11,64,深位,169680.0,171525.63692307696,171545.87692307695,1865.876923076954,否
IN0359,B6T0000001104,E3,4,7,10,68,浅位,169680.0,171560.11692307697,171580.3815384616,1900.3815384616028,否
IN0359,B6T0000001104,E3,4,7,10,68,深位,169680.0,171594.6461538462,171614.91076923083,1934.9107692308316,否
IN0359,B6T0000001104,E3,4,8,10,68,浅位,169680.0,171629.17538461543,171649.44000000006,1969.4400000000605,否
IN0359,B6T0000001104,E3,4,8,10,68,深位,169680.0,171663.70461538466,171683.9692307693,2003.9692307692894,否
IN0359,B6T0000001104,E3,4,7,12,61,浅位,169680.0,171698.2338461539,171718.60923076927,2038.6092307692743,否
IN0359,B6T0000001104,E3,4,7,12,61,深位,169680.0,171732.98461538466,171753.36000000004,2073.3600000000442,否
IN0359,B6T0000001104,E3,4,8,12,61,浅位,169680.0,171767.73538461543,171788.1107692308,2108.110769230814,否
IN0359,B6T0000001104,E3,4,8,12,61,深位,169680.0,171802.4861538462,171822.86153846158,2142.861538461584,否
IN0359,B6T0000001104,E3,4,7,11,65,浅位,169680.0,171837.23692307697,171857.63692307696,2177.6369230769633,否
IN0359,B6T0000001104,E3,4,7,11,65,深位,169680.0,171872.03692307696,171892.43692307695,2212.4369230769516,否
IN0359,B6T0000001104,E3,4,8,11,65,浅位,169680.0,171906.83692307695,171927.23692307694,2247.23692307694,否
IN0359,B6T0000001104,E3,4,8,11,65,深位,169680.0,171941.63692307693,171962.03692307693,2282.0369230769284,否
IN0359,B6T0000001104,E3,4,7,12,62,浅位,169680.0,171976.43692307692,171996.9723076923,2316.972307692311,否
IN0359,B6T0000001104,E3,4,7,12,62,深位,169680.0,172011.5076923077,172032.0430769231,2352.043076923088,否
IN0359,B6T0000001104,E3,4,8,12,62,浅位,169680.0,172046.57846153848,172067.11384615386,2387.113846153865,否
IN0359,B6T0000001104,E3,4,8,12,62,深位,169680.0,172081.64923076925,172102.18461538464,2422.184615384642,否
IN0359,B6T0000001104,E3,4,7,11,66,浅位,169680.0,172116.72000000003,172137.28000000003,2457.280000000028,否
IN0359,B6T0000001104,E3,4,7,11,66,深位,169680.0,172151.84000000003,172172.40000000002,2492.4000000000233,否
IN0359,B6T0000001104,E3,4,8,11,66,浅位,169680.0,172186.96000000002,172207.52000000002,2527.5200000000186,否
IN0359,B6T0000001104,E3,4,8,11,66,深位,169680.0,172222.08000000002,172242.64,2562.640000000014,否
IN0359,B6T0000001104,E3,4,7,16,47,浅位,169680.0,172257.2,172277.79692307694,2597.7969230769377,否
IN0359,B6T0000001104,E3,4,7,16,47,深位,169680.0,172292.39384615386,172312.9907692308,2632.9907692307897,否
IN0359,B6T0000001104,E3,4,7,13,59,浅位,169680.0,172327.58769230772,172348.2584615385,2668.2584615384985,否
IN0359,B6T0000001104,E3,4,7,13,59,深位,169680.0,172362.92923076925,172383.60000000003,2703.600000000035,否
IN0359,B6T0000001104,E3,4,8,13,59,浅位,169680.0,172398.2707692308,172418.94153846157,2738.9415384615713,否
IN0359,B6T0000001104,E3,4,8,13,59,深位,169680.0,172433.61230769232,172454.2830769231,2774.2830769231077,否
IN0359,B6T0000001104,E3,4,7,12,63,浅位,169680.0,172468.95384615386,172489.64923076925,2809.6492307692533,否
IN0359,B6T0000001104,E3,4,7,12,63,深位,169680.0,172504.34461538462,172525.04,2845.040000000008,否
IN0359,B6T0000001104,E3,4,8,12,63,浅位,169680.0,172539.73538461537,172560.43076923076,2880.430769230763,否
IN0359,B6T0000001104,E3,4,8,12,63,深位,169680.0,172575.12615384613,172595.82153846152,2915.821538461518,否
IN0359,B6T0000001104,E3,4,7,11,67,浅位,169680.0,172610.51692307688,172631.23692307688,2951.236923076882,否
IN0359,B6T0000001104,E3,4,7,11,67,深位,169680.0,172645.95692307688,172666.67692307688,2986.676923076884,是
IN0359,B6T0000001104,E3,4,8,11,67,浅位,169680.0,172728.4738461538,172749.1938461538,3069.193846153794,是
IN0359,B6T0000001104,E3,4,8,11,67,深位,169680.0,172810.9907692307,172831.7107692307,3151.7107692307036,否
IN0256,B6T0000000747,E3,4,7,13,60,浅位,169800.0,172846.4307692307,172867.26153846146,3067.261538461462,否
IN0256,B6T0000000747,E3,4,7,13,60,深位,169800.0,172882.09230769225,172902.923076923,3102.9230769230053,否
IN0256,B6T0000000747,E3,4,8,13,60,浅位,169800.0,172917.7538461538,172938.58461538455,3138.5846153845487,否
IN0256,B6T0000000747,E3,4,8,13,60,深位,169800.0,172953.41538461533,172974.2461538461,3174.246153846092,否
IN0256,B6T0000000747,E3,4,7,19,37,浅位,169800.0,172989.07692307688,173009.91999999995,3209.9199999999546,是
IN0137,B6T0000000408,E3,4,7,19,37,深位,169860.0,173060.45538461534,173081.29846153842,3221.2984615384194,是
IN0137,B6T0000000408,E3,4,7,12,64,浅位,169860.0,173131.8338461538,173152.6892307692,3292.6892307692033,是
IN0137,B6T0000000408,E3,4,8,10,31,深位,169860.0,173173.54461538457,173187.8892307692,3327.889230769186,是
IN0137,B6T0000000408,E3,4,7,12,64,深位,169860.0,173243.00307692302,173263.85846153842,3403.858461538417,否
IN0137,B6T0000000408,E3,4,8,12,64,浅位,169860.0,173278.71384615378,173299.56923076918,3439.569230769179,否
IN0137,B6T0000000408,E3,4,8,12,64,深位,169860.0,173314.42461538455,173335.27999999994,3475.2799999999406,是
IN0137,B6T0000000408,E3,4,7,10,63,深位,169860.0,173356.1353846153,173375.59999999992,3515.5999999999185,否
IN0137,B6T0000000408,E3,4,7,11,68,浅位,169860.0,173389.06461538453,173409.94461538453,3549.9446153845347,否
IN0137,B6T0000000408,E3,4,7,11,68,深位,169860.0,173424.82461538454,173445.70461538454,3585.704615384544,否
IN0137,B6T0000000408,E3,4,8,11,68,浅位,169860.0,173460.58461538455,173481.46461538455,3621.4646153845533,否
IN0137,B6T0000000408,E3,4,8,11,68,深位,169860.0,173496.34461538456,173517.22461538456,3657.2246153845626,否
IN0137,B6T0000000408,E3,4,7,13,61,浅位,169860.0,173532.10461538457,173553.09538461533,3693.095384615328,否
IN0137,B6T0000000408,E3,4,7,13,61,深位,169860.0,173568.08615384612,173589.07692307688,3729.0769230768783,否
IN0137,B6T0000000408,E3,4,8,13,61,浅位,169860.0,173604.06769230767,173625.05846153843,3765.0584615384287,否
IN0137,B6T0000000408,E3,4,8,13,61,深位,169860.0,173640.04923076922,173661.03999999998,3801.039999999979,否
IN0137,B6T0000000408,E3,4,7,12,65,浅位,169860.0,173676.03076923077,173697.04615384617,3837.0461538461677,否
IN0137,B6T0000000408,E3,4,7,12,65,深位,169860.0,173712.06153846154,173733.07692307694,3873.0769230769365,是
IN0137,B6T0000000408,E3,4,8,12,65,浅位,169860.0,173786.0923076923,173807.1076923077,3947.1076923077053,是
IN0137,B6T0000000408,E3,4,8,12,65,深位,169860.0,173860.12307692308,173881.13846153847,4021.138461538474,否
IN0137,B6T0000000408,E3,4,7,14,58,浅位,169860.0,173896.15384615384,173917.28,4057.279999999999,否
IN0137,B6T0000000408,E3,4,7,14,58,深位,169860.0,173932.40615384615,173953.5323076923,4093.5323076923087,否
IN0137,B6T0000000408,E3,4,8,14,58,浅位,169860.0,173968.65846153846,173989.78461538462,4129.7846153846185,否
IN0137,B6T0000000408,E3,4,8,14,58,深位,169860.0,174004.91076923077,174026.03692307693,4166.036923076928,否
IN0017,B6T0000000051,E4,4,7,43,1,浅位,171900.0,174041.16307692308,174071.0923076923,2171.0923076923063,否
IN0017,B6T0000000051,E4,4,7,43,1,深位,171900.0,174095.02153846156,174124.95076923078,2224.9507692307816,否
IN0017,B6T0000000051,E4,4,8,43,1,浅位,171900.0,174148.88000000003,174178.80923076926,2278.809230769257,否
IN0017,B6T0000000051,E4,4,7,43,13,浅位,171900.0,174202.7384615385,174234.58769230774,2334.587692307745,否
IN0017,B6T0000000051,E4,4,7,43,13,深位,171900.0,174260.43692307698,174292.28615384622,2392.2861538462166,否
IN0017,B6T0000000051,E4,4,8,43,13,浅位,171900.0,174318.13538461545,174349.9846153847,2449.9846153846884,是
IN0017,B6T0000000051,E4,4,8,44,33,浅位,171900.0,174381.83384615392,174417.6523076924,2517.6523076923913,是
IN0017,B6T0000000051,E4,4,8,44,33,深位,171900.0,174453.47076923086,174489.28923076933,2589.2892307693255,是
IN0017,B6T0000000051,E4,4,8,44,47,浅位,171900.0,174525.1076923078,174563.16615384625,2663.1661538462504,是
IN0076,B6T0000000210,E4,4,8,44,47,深位,172020.0,174601.2246153847,174639.28307692317,2619.283076923166,否
IN0076,B6T0000000210,E4,4,7,43,52,浅位,172020.0,174671.34153846162,174709.43076923085,2689.4307692308503,是
IN0076,B6T0000000210,E4,4,7,43,52,深位,172020.0,174747.52000000008,174785.6092307693,2765.6092307693034,是
IN0257,B6T0000000756,E3,4,7,9,17,浅位,180600.0,180600.0,180611.48923076922,11.48923076922074,否
IN0257,B6T0000000756,E3,4,7,9,17,深位,180600.0,180616.97846153847,180628.4676923077,28.467692307691323,否
IN0257,B6T0000000756,E3,4,8,9,17,浅位,180600.0,180633.95692307694,180645.44615384616,45.446153846161906,否
IN0257,B6T0000000756,E3,4,7,15,5,浅位,180600.0,180650.9353846154,180664.19692307696,64.19692307696096,否
IN0257,B6T0000000756,E3,4,7,15,5,深位,180600.0,180671.45846153848,180684.72000000003,84.72000000003027,否
IN0257,B6T0000000756,E3,4,8,15,5,浅位,180600.0,180691.98153846155,180705.2430769231,105.24307692309958,否
IN0440,B6T0000001338,E1,4,7,2,4,浅位,184920.0,184920.0,184927.10153846155,7.101538461545715,否
IN0440,B6T0000001338,E1,4,8,7,13,浅位,184920.0,184928.2030769231,184938.28307692308,18.283076923078625,否
IN0282,B6T0000000844,E3,4,7,9,12,浅位,187200.0,187200.0,187210.68923076923,10.689230769232381,否
IN0282,B6T0000000844,E3,4,8,15,5,深位,187200.0,187215.37846153846,187228.64,28.64000000001397,否
IN0209,B6T0000000613,E3,4,7,12,14,浅位,189300.0,189300.0,189312.8553846154,12.855384615395451,否
IN0209,B6T0000000613,E3,4,7,12,14,深位,189300.0,189319.71076923076,189332.56615384616,32.56615384615725,否
IN0209,B6T0000000613,E3,4,8,12,14,浅位,189300.0,189339.42153846152,189352.27692307692,52.27692307691905,否
IN0343,B6T0000001052,E3,4,7,9,8,浅位,193140.0,193140.0,193150.04923076922,10.049230769218411,否
IN0343,B6T0000001052,E3,4,7,9,8,深位,193140.0,193154.09846153847,193164.14769230768,24.147692307684338,否
IN0343,B6T0000001052,E3,4,8,9,8,浅位,193140.0,193168.19692307693,193178.24615384615,38.246153846150264,否
IN0343,B6T0000001052,E3,4,8,9,8,深位,193140.0,193182.2953846154,193192.34461538462,52.34461538461619,否
IN0343,B6T0000001052,E3,4,7,13,32,浅位,193140.0,193196.39384615386,193212.74461538464,72.74461538463947,否
IN0343,B6T0000001052,E3,4,7,13,32,深位,193140.0,193223.09538461542,193239.4461538462,99.44615384619101,否
IN0343,B6T0000001052,E3,4,7,21,3,浅位,193140.0,193249.79692307697,193266.43076923082,126.43076923082117,否
IN0343,B6T0000001052,E3,4,7,21,3,深位,193140.0,193277.06461538465,193293.6984615385,153.69846153850085,否
IN0343,B6T0000001052,E3,4,8,21,3,浅位,193140.0,193304.33230769233,193320.96615384618,180.96615384618053,否
IN0343,B6T0000001052,E3,4,8,21,3,深位,193140.0,193331.6,193348.23384615386,208.2338461538602,否
IN0343,B6T0000001052,E3,4,7,20,13,浅位,193140.0,193358.8676923077,193376.48615384614,236.48615384614095,否
IN0343,B6T0000001052,E3,4,7,20,13,深位,193140.0,193388.1046153846,193405.72307692305,265.72307692305185,否
IN0343,B6T0000001052,E3,4,8,20,13,浅位,193140.0,193417.3415384615,193434.95999999996,294.95999999996275,否
IN0343,B6T0000001052,E3,4,8,20,13,深位,193140.0,193446.57846153842,193464.19692307687,324.19692307687365,否
IN0343,B6T0000001052,E3,4,7,13,62,浅位,193140.0,193475.81538461533,193496.9661538461,356.9661538460932,否
IN0343,B6T0000001052,E3,4,7,13,62,深位,193140.0,193512.11692307686,193533.26769230762,393.2676923076215,否
IN0343,B6T0000001052,E3,4,8,13,62,浅位,193140.0,193548.4184615384,193569.56923076915,429.5692307691497,否
IN0343,B6T0000001052,E3,4,8,13,62,深位,193140.0,193584.7199999999,193605.87076923068,465.870769230678,否
IN0343,B6T0000001052,E3,4,7,12,66,浅位,193140.0,193621.02153846144,193642.19692307682,502.19692307681544,否
IN0343,B6T0000001052,E3,4,7,12,66,深位,193140.0,193657.37230769222,193678.5476923076,538.5476923075912,否
IN0343,B6T0000001052,E3,4,8,12,66,浅位,193140.0,193693.723076923,193714.89846153837,574.898461538367,否
IN0343,B6T0000001052,E3,4,8,12,66,深位,193140.0,193730.07384615377,193751.24923076914,611.2492307691427,否
IN0343,B6T0000001052,E3,4,7,14,59,浅位,193140.0,193766.42461538455,193787.7107692307,647.7107692307036,否
IN0343,B6T0000001052,E3,4,7,14,59,深位,193140.0,193802.99692307686,193824.28307692302,684.2830769230204,否
IN0524,B6T0000001562,E1,4,8,1,2,深位,209520.0,209520.0,209526.47384615385,6.4738461538509,否
IN0524,B6T0000001562,E1,4,7,5,2,浅位,209520.0,209526.9476923077,209534.6523076923,14.65230769230402,否
IN0524,B6T0000001562,E1,4,7,5,2,深位,209520.0,209536.35692307694,209544.06153846154,24.061538461537566,否
IN0524,B6T0000001562,E1,4,7,4,4,浅位,209520.0,209545.76615384617,209553.4830769231,33.483076923090266,否
IN0524,B6T0000001562,E1,4,7,4,4,深位,209520.0,209555.2,209562.91692307693,42.91692307693302,否
IN0524,B6T0000001562,E1,4,8,4,4,浅位,209520.0,209564.63384615385,209572.35076923078,52.35076923077577,否
IN0524,B6T0000001562,E1,4,8,4,4,深位,209520.0,209574.0676923077,209581.78461538462,61.78461538461852,否
IN0524,B6T0000001562,E1,4,7,1,12,深位,209520.0,209583.50153846154,209591.5753846154,71.57538461539662,否
IN0524,B6T0000001562,E1,4,8,7,13,深位,209520.0,209593.64923076922,209603.7292307692,83.72923076921143,否
IN0524,B6T0000001562,E1,4,7,9,9,浅位,209520.0,209607.80923076923,209618.01846153845,98.01846153844963,否
IN0524,B6T0000001562,E1,4,8,4,31,深位,209520.0,209622.2276923077,209634.26461538463,114.264615384629,否
IN0037,B6T0000000114,E4,4,7,45,3,浅位,216180.0,216180.0,216211.7876923077,31.787692307698308,否
IN0037,B6T0000000114,E4,4,7,45,3,深位,216180.0,216237.5753846154,216269.3630769231,89.36307692309492,否
IN0037,B6T0000000114,E4,4,8,43,52,浅位,216180.0,216295.1507692308,216333.24000000002,153.2400000000198,否
IN0037,B6T0000000114,E4,4,8,43,52,深位,216180.0,216365.32923076925,216403.41846153847,223.4184615384729,否
IN0037,B6T0000000114,E4,4,8,45,43,深位,216180.0,216435.5076923077,216473.6953846154,293.69538461539196,否
IN0294,B6T0000000882,E3,4,7,16,8,浅位,225720.0,225720.0,225734.35692307694,14.356923076935345,否
IN0294,B6T0000000882,E3,4,7,16,8,深位,225720.0,225742.71384615384,225757.07076923078,37.07076923077693,否
IN0294,B6T0000000882,E3,4,8,16,8,浅位,225720.0,225765.42769230768,225779.78461538462,59.78461538461852,否
IN0131,B6T0000000389,E3,4,8,16,8,深位,226200.0,226200.0,226214.35692307694,14.356923076935345,否
IN0131,B6T0000000389,E3,4,7,21,6,浅位,226200.0,226222.71384615384,226239.82769230768,39.82769230767735,否
IN0131,B6T0000000389,E3,4,7,21,6,深位,226200.0,226250.94153846154,226268.05538461538,68.05538461537799,否
IN0131,B6T0000000389,E3,4,8,21,6,浅位,226200.0,226279.16923076924,226296.28307692308,96.28307692307862,否
IN0131,B6T0000000389,E3,4,8,21,6,深位,226200.0,226307.39692307694,226324.51076923078,124.51076923077926,否
IN0131,B6T0000000389,E3,4,7,10,50,浅位,226200.0,226335.62461538464,226353.00923076927,153.00923076926847,否
IN0131,B6T0000000389,E3,4,7,10,50,深位,226200.0,226364.39384615386,226381.7784615385,181.77846153848805,否
IN0131,B6T0000000389,E3,4,8,24,3,浅位,226200.0,226393.16307692308,226411.6430769231,211.64307692309376,否
IN0131,B6T0000000389,E3,4,8,24,3,深位,226200.0,226424.12307692308,226442.6030769231,242.6030769230856,否
IN0643,B6T0000001948,E1,4,7,2,4,深位,227040.0,227040.0,227047.10153846155,7.101538461545715,否
IN0643,B6T0000001948,E1,4,8,2,4,浅位,227040.0,227048.2030769231,227055.30461538464,15.304615384637145,否
IN0643,B6T0000001948,E1,4,8,2,4,深位,227040.0,227056.40615384618,227063.50769230773,23.507692307728576,否
IN0665,B6T0000001994,E1,4,8,7,5,浅位,255300.0,255300.0,255308.8,8.799999999988358,否
IN0665,B6T0000001994,E1,4,8,7,5,深位,255300.0,255311.6,255320.4,20.39999999999418,否
IN0665,B6T0000001994,E1,4,7,6,7,浅位,255300.0,255323.2,255332.01230769232,32.012307692319155,否
IN0665,B6T0000001994,E1,4,7,6,28,深位,255300.0,255334.82461538463,255346.99692307692,46.99692307692021,否
IN0665,B6T0000001994,E1,4,8,8,25,深位,255300.0,255353.16923076924,255365.47692307693,65.47692307693069,否
IN0665,B6T0000001994,E1,4,8,4,33,深位,255300.0,255371.78461538462,255384.14153846155,84.14153846155386,否
IN0665,B6T0000001994,E1,4,8,4,34,深位,255300.0,255390.49846153846,255403.01538461537,103.01538461536984,否
IN0665,B6T0000001994,E1,4,8,8,27,深位,255300.0,255409.5323076923,255422.16,122.16000000000349,否
IN0665,B6T0000001994,E1,4,7,6,32,深位,255300.0,255428.7876923077,255441.6,141.60000000000582,否
IN0596,B6T0000001771,E1,4,7,4,36,浅位,258300.0,258300.0,258312.83692307692,12.836923076916719,否
IN0596,B6T0000001771,E1,4,8,3,38,深位,258300.0,258319.67384615383,258332.52307692307,32.52307692306931,否
IN0596,B6T0000001771,E1,4,7,1,42,深位,258300.0,258339.3723076923,258352.24615384615,52.246153846150264,否
IN0596,B6T0000001771,E1,4,8,1,42,浅位,258300.0,258359.12,258371.99384615384,71.99384615384042,否
IN0596,B6T0000001771,E1,4,8,1,42,深位,258300.0,258378.8676923077,258391.74153846153,91.74153846153058,否
IN0596,B6T0000001771,E1,4,7,4,37,深位,258300.0,258398.61538461538,258411.6123076923,111.61230769229587,否
IN0596,B6T0000001771,E1,4,8,5,36,深位,258300.0,258418.60923076922,258431.75384615382,131.75384615382063,否
IN0596,B6T0000001771,E1,4,7,3,40,浅位,258300.0,258438.89846153845,258452.0676923077,152.06769230769714,否
IN0596,B6T0000001771,E1,4,7,3,40,深位,258300.0,258459.2369230769,258472.40615384615,172.40615384615376,否
IN0472,B6T0000001417,E1,4,8,2,44,深位,258780.0,258780.0,258793.50153846154,13.501538461539894,否
IN0472,B6T0000001417,E1,4,8,1,46,深位,258780.0,258801.00307692308,258814.51692307694,34.51692307693884,否
IN0106,B6T0000000305,E4,4,7,43,1,浅位,260220.0,260220.0,260249.92923076922,29.929230769223068,否
IN0106,B6T0000000305,E4,4,7,43,1,深位,260220.0,260273.85846153848,260303.7876923077,83.78769230769831,是
IN0106,B6T0000000305,E4,4,8,43,1,浅位,260220.0,260333.71692307695,260363.64615384617,143.64615384617355,否
IN0106,B6T0000000305,E4,4,7,43,13,浅位,260220.0,260387.57538461543,260419.42461538466,199.4246153846616,否
IN0106,B6T0000000305,E4,4,7,43,13,深位,260220.0,260445.2738461539,260477.12307692313,257.12307692313334,否
IN0106,B6T0000000305,E4,4,8,43,13,浅位,260220.0,260502.97230769237,260534.8215384616,314.8215384616051,否
IN0106,B6T0000000305,E4,4,7,44,48,浅位,260220.0,260560.67076923084,260598.8892307693,378.88923076930223,否
IN0106,B6T0000000305,E4,4,7,44,48,深位,260220.0,260631.10769230776,260669.32615384622,449.32615384622477,否
IN0106,B6T0000000305,E4,4,8,44,48,浅位,260220.0,260701.5446153847,260739.76307692315,519.7630769231473,否
IN0106,B6T0000000305,E4,4,8,44,48,深位,260220.0,260771.9815384616,260810.20000000007,590.2000000000698,否
IN0106,B6T0000000305,E4,4,7,43,53,浅位,260220.0,260842.41846153853,260880.66769230776,660.6676923077612,是
IN0106,B6T0000000305,E4,4,7,43,1,浅位,260220.0,260918.916923077,260948.8461538462,728.8461538462143,是
IN0106,B6T0000000305,E4,4,7,43,1,深位,260220.0,260978.77538461547,261008.7046153847,788.7046153846895,是
IN0106,B6T0000000305,E4,4,8,43,1,浅位,260220.0,261038.63384615394,261068.56307692316,848.5630769231648,是
IN0106,B6T0000000305,E4,4,7,43,53,深位,260220.0,261110.0123076924,261148.26153846164,928.2615384616365,是
IN0106,B6T0000000305,E4,4,8,43,53,浅位,260220.0,261186.51076923087,261224.7600000001,1004.7600000000966,是
IN0106,B6T0000000305,E4,4,7,43,1,浅位,260220.0,261263.00923076933,261292.93846153855,1072.9384615385497,是
IN0106,B6T0000000305,E4,4,7,43,1,深位,260220.0,261322.8676923078,261352.79692307702,1132.796923077025,是
IN0106,B6T0000000305,E4,4,8,43,1,浅位,260220.0,261382.72615384628,261412.6553846155,1192.6553846155002,是
IN0106,B6T0000000305,E4,4,7,43,1,浅位,260220.0,261442.58461538475,261472.51384615398,1252.5138461539755,否
IN0106,B6T0000000305,E4,4,8,43,53,深位,260220.0,261496.44307692323,261534.69230769246,1314.6923076924577,否
IN0106,B6T0000000305,E4,4,7,44,49,浅位,260220.0,261566.9415384617,261605.32000000015,1385.3200000001525,否
IN0106,B6T0000000305,E4,4,7,44,49,深位,260220.0,261637.69846153862,261676.07692307708,1456.076923077082,否
IN0106,B6T0000000305,E4,4,8,44,49,浅位,260220.0,261708.45538461555,261746.833846154,1526.8338461540116,否
IN0106,B6T0000000305,E4,4,8,44,49,深位,260220.0,261779.21230769248,261817.59076923094,1597.590769230941,否
IN0106,B6T0000000305,E4,4,7,43,54,浅位,260220.0,261849.9692307694,261888.37846153864,1668.3784615386394,是
IN0106,B6T0000000305,E4,4,7,43,54,深位,260220.0,261926.78769230787,261965.1969230771,1745.1969230771065,是
IN0106,B6T0000000305,E4,4,8,43,54,浅位,260220.0,262003.60615384634,262042.01538461557,1822.0153846155736,是
IN0106,B6T0000000305,E4,4,8,43,54,深位,260220.0,262080.4246153848,262118.83384615404,1898.8338461540407,是
IN0106,B6T0000000305,E4,4,7,44,50,浅位,260220.0,262157.24307692325,262195.7815384617,1975.7815384616842,是
IN0106,B6T0000000305,E4,4,7,43,1,深位,260220.0,262234.3200000002,262264.2492307694,2044.2492307694047,是
IN0108,B6T0000000316,E4,4,7,43,1,浅位,263700.0,263700.0,263729.9292307692,29.929230769223068,否
IN0108,B6T0000000316,E4,4,7,43,1,深位,263700.0,263753.85846153845,263783.78769230767,83.7876923076692,否
IN0108,B6T0000000316,E4,4,8,43,1,浅位,263700.0,263807.7169230769,263837.6461538461,137.64615384611534,否
IN0108,B6T0000000316,E4,4,8,45,28,浅位,263700.0,263861.57538461534,263897.363076923,197.3630769230076,否
IN0022,B6T0000000065,E4,4,8,45,28,深位,263760.0,263927.15076923074,263962.9384615384,202.93846153840423,否
IN0022,B6T0000000065,E4,4,7,44,50,深位,263760.0,263992.72615384613,264031.26461538457,271.2646153845708,否
IN0022,B6T0000000065,E4,4,8,44,50,浅位,263760.0,264063.80307692307,264102.3415384615,342.3415384615073,否
IN0555,B6T0000001653,E1,4,7,4,2,浅位,265440.0,265440.0,265447.39692307694,7.396923076943494,否
IN0555,B6T0000001653,E1,4,7,4,2,深位,265440.0,265448.7938461538,265456.1907692308,16.190769230772275,否
IN0555,B6T0000001653,E1,4,8,4,2,浅位,265440.0,265457.58769230766,265464.9846153846,24.984615384601057,否
IN0227,B6T0000000663,E3,4,7,9,20,浅位,270900.0,270900.0,270911.9692307692,11.969230769202113,否
IN0227,B6T0000000663,E3,4,7,9,20,深位,270900.0,270917.93846153846,270929.90769230766,29.907692307664547,否
IN0227,B6T0000000663,E3,4,8,9,20,浅位,270900.0,270935.8769230769,270947.8461538461,47.84615384612698,否
IN0427,B6T0000001300,E3,4,8,9,20,深位,273720.0,273720.0,273731.9692307692,11.969230769202113,否
IN0427,B6T0000001300,E3,4,7,15,1,浅位,273720.0,273737.93846153846,273750.56,30.55999999999767,否
IN0427,B6T0000001300,E3,4,8,14,59,浅位,273720.0,273757.18153846153,273778.46769230766,58.46769230766222,否
IN0527,B6T0000001572,E1,4,8,4,2,深位,275220.0,275220.0,275227.39692307694,7.396923076943494,否
IN0527,B6T0000001572,E1,4,8,8,1,深位,275220.0,275228.7938461538,275237.26153846155,17.261538461549208,否
IN0527,B6T0000001572,E1,4,7,2,15,浅位,275220.0,275239.7292307692,275248.59076923074,28.59076923073735,否
IN0527,B6T0000001572,E1,4,7,2,15,深位,275220.0,275251.45230769226,275260.3138461538,40.3138461537892,否
IN0527,B6T0000001572,E1,4,7,2,20,浅位,275220.0,275263.1753846153,275272.83692307683,52.83692307682941,否
IN0527,B6T0000001572,E1,4,7,2,20,深位,275220.0,275276.4984615384,275286.1599999999,66.15999999991618,否
IN0527,B6T0000001572,E1,4,8,2,20,浅位,275220.0,275289.8215384615,275299.483076923,79.48307692300295,否
IN0527,B6T0000001572,E1,4,8,8,33,深位,275220.0,275303.1446153846,275316.7323076923,96.73230769229122,否
IN0527,B6T0000001572,E1,4,8,1,47,深位,275220.0,275324.31999999995,275337.9938461538,117.99384615378221,否
IN0138,B6T0000000411,E3,4,7,12,11,浅位,288060.0,288060.0,288072.3753846154,12.375384615384974,否
IN0138,B6T0000000411,E3,4,7,16,3,浅位,288060.0,288078.75076923077,288092.3076923077,32.30769230768783,是
IN0138,B6T0000000411,E3,4,7,16,3,深位,288060.0,288105.8646153846,288119.4215384615,59.421538461523596,否
IN0138,B6T0000000411,E3,4,8,16,3,浅位,288060.0,288126.97846153844,288140.53538461536,80.53538461535936,否
IN0138,B6T0000000411,E3,4,8,16,3,深位,288060.0,288148.0923076923,288161.6492307692,101.64923076919513,否
IN0138,B6T0000000411,E3,4,8,14,59,深位,288060.0,288169.2061538461,288190.49230769224,130.49230769224232,否
IN0138,B6T0000000411,E3,4,7,13,63,浅位,288060.0,288205.77846153843,288227.0892307692,167.08923076919746,否
IN0138,B6T0000000411,E3,4,7,13,63,深位,288060.0,288242.39999999997,288263.71076923073,203.7107692307327,否
IN0138,B6T0000000411,E3,4,8,13,63,浅位,288060.0,288279.0215384615,288300.33230769227,240.33230769226793,否
IN0138,B6T0000000411,E3,4,8,13,63,深位,288060.0,288315.64307692304,288336.9538461538,276.95384615380317,否
IN0138,B6T0000000411,E3,4,7,12,67,浅位,288060.0,288352.26461538457,288373.6,313.5999999999767,否
IN0138,B6T0000000411,E3,4,7,12,67,深位,288060.0,288388.9353846153,288410.27076923073,350.27076923073037,否
IN0138,B6T0000000411,E3,4,8,12,67,浅位,288060.0,288425.6061538461,288446.9415384615,386.941538461484,否
IN0138,B6T0000000411,E3,4,8,12,67,深位,288060.0,288462.27692307683,288483.61230769224,423.61230769223766,否
IN0138,B6T0000000411,E3,4,7,14,60,浅位,288060.0,288498.9476923076,288520.39384615375,460.3938461537473,否
IN0138,B6T0000000411,E3,4,7,14,60,深位,288060.0,288535.8399999999,288557.2861538461,497.2861538460711,否
IN0138,B6T0000000411,E3,4,8,14,60,浅位,288060.0,288572.73230769223,288594.1784615384,534.1784615383949,否
IN0138,B6T0000000411,E3,4,8,14,60,深位,288060.0,288609.62461538456,288631.0707692307,571.0707692307187,否
IN0138,B6T0000000411,E3,4,7,13,64,浅位,288060.0,288646.5169230769,288667.9876923076,607.9876923076226,否
IN0138,B6T0000000411,E3,4,7,13,64,深位,288060.0,288683.4584615384,288704.92923076916,644.9292307691649,否
IN0138,B6T0000000411,E3,4,8,13,64,浅位,288060.0,288720.39999999997,288741.8707692307,681.8707692307071,否
IN0138,B6T0000000411,E3,4,8,13,64,深位,288060.0,288757.3415384615,288778.81230769225,718.8123076922493,否
IN0138,B6T0000000411,E3,4,7,12,68,浅位,288060.0,288794.28307692305,288815.77846153843,755.7784615384298,否
IN0138,B6T0000000411,E3,4,7,12,68,深位,288060.0,288831.2738461538,288852.7692307692,792.7692307691905,否
IN0138,B6T0000000411,E3,4,8,12,68,浅位,288060.0,288868.26461538457,288889.75999999995,829.7599999999511,否
IN0138,B6T0000000411,E3,4,8,12,68,深位,288060.0,288905.25538461533,288926.7507692307,866.7507692307117,否
IN0138,B6T0000000411,E3,4,7,15,57,浅位,288060.0,288942.2461538461,288963.82769230765,903.8276923076482,否
IN0138,B6T0000000411,E3,4,7,15,57,深位,288060.0,288979.40923076915,289000.9907692307,940.9907692307024,否
IN0138,B6T0000000411,E3,4,8,15,57,浅位,288060.0,289016.5723076922,289038.15384615376,978.1538461537566,否
IN0138,B6T0000000411,E3,4,8,15,57,深位,288060.0,289053.73538461525,289075.3169230768,1015.3169230768108,否
IN0648,B6T0000001957,E1,4,7,1,9,浅位,289320.0,289320.0,289327.5938461538,7.59384615381714,否
IN0648,B6T0000001957,E1,4,7,1,9,深位,289320.0,289329.1876923077,289336.7815384615,16.781538461509626,否
IN0648,B6T0000001957,E1,4,8,1,9,浅位,289320.0,289338.3753846154,289345.9692307692,25.969230769202113,否
IN0648,B6T0000001957,E1,4,7,7,3,浅位,289320.0,289347.5630769231,289356.04307692306,36.043076923058834,否
IN0367,B6T0000001127,E3,4,7,9,12,深位,306000.0,306000.0,306010.68923076923,10.689230769232381,否
IN0367,B6T0000001127,E3,4,7,9,16,浅位,306000.0,306015.37846153846,306026.7076923077,26.707692307711113,否
IN0367,B6T0000001127,E3,4,7,9,16,深位,306000.0,306032.0369230769,306043.36615384615,43.36615384614561,否
IN0057,B6T0000000150,E4,4,8,43,2,深位,308460.0,308460.0,308490.08923076926,30.089230769255664,否
IN0057,B6T0000000150,E4,4,7,45,1,浅位,308460.0,308514.17846153845,308545.6461538462,85.64615384617355,否
IN0057,B6T0000000150,E4,4,7,45,1,深位,308460.0,308571.11384615384,308602.58153846156,142.5815384615562,否
IN0057,B6T0000000150,E4,4,8,45,1,浅位,308460.0,308628.0492307692,308659.51692307694,199.51692307693884,否
IN0057,B6T0000000150,E4,4,8,45,1,深位,308460.0,308684.9846153846,308716.4523076923,256.4523076923215,否
IN0057,B6T0000000150,E4,4,7,43,11,深位,308460.0,308741.92,308773.44923076924,313.4492307692417,是
IN0057,B6T0000000150,E4,4,7,45,5,浅位,308460.0,308808.0553846154,308840.16307692305,380.1630769230542,是
IN0057,B6T0000000150,E4,4,7,45,6,浅位,308460.0,308873.87076923077,308906.1384615385,446.1384615384741,是
IN0057,B6T0000000150,E4,4,7,45,6,深位,308460.0,308939.68615384615,308971.95384615386,511.9538461538614,是
IN0057,B6T0000000150,E4,4,7,45,5,深位,308460.0,309004.2215384615,309036.3292307692,576.3292307691881,是
IN0057,B6T0000000150,E4,4,8,45,5,浅位,308460.0,309068.4369230769,309100.5446153846,640.5446153845987,是
IN0057,B6T0000000150,E4,4,8,45,5,深位,308460.0,309132.65230769233,309164.76,704.7600000000093,否
IN0057,B6T0000000150,E4,4,8,45,6,浅位,308460.0,309190.86769230774,309223.13538461545,763.1353846154525,否
IN0057,B6T0000000150,E4,4,8,45,6,深位,308460.0,309249.4030769231,309281.6707692308,821.6707692308119,否
IN0057,B6T0000000150,E4,4,8,44,27,浅位,308460.0,309307.93846153846,309342.7969230769,882.7969230769086,是
IN0057,B6T0000000150,E4,4,8,44,27,深位,308460.0,309377.6553846154,309412.51384615386,952.513846153859,是
IN0057,B6T0000000150,E4,4,8,44,50,深位,308460.0,309447.37230769236,309485.9107692308,1025.9107692308025,是
IN0057,B6T0000000150,E4,4,7,43,55,浅位,308460.0,309524.4492307693,309563.01846153854,1103.018461538537,是
IN0057,B6T0000000150,E4,4,7,43,55,深位,308460.0,309601.5876923078,309640.156923077,1180.156923077011,否
IN0204,B6T0000000600,E3,4,7,9,9,深位,312840.0,312840.0,312850.20923076925,10.209230769251008,否
IN0204,B6T0000000600,E3,4,8,9,9,浅位,312840.0,312854.41846153844,312864.6276923077,24.627692307694815,否
IN0204,B6T0000000600,E3,4,8,9,9,深位,312840.0,312868.8369230769,312879.04615384614,39.04615384613862,否
IN0107,B6T0000000313,E4,4,8,43,1,深位,316560.0,316560.0,316589.9292307692,29.929230769223068,否
IN0107,B6T0000000313,E4,4,8,43,55,浅位,316560.0,316613.85846153845,316652.4276923077,92.42769230768317,否
IN0107,B6T0000000313,E4,4,8,43,55,深位,316560.0,316684.9969230769,316723.56615384616,163.56615384615725,否
IN0107,B6T0000000313,E4,4,7,45,46,浅位,316560.0,316756.1353846154,316794.80307692307,234.80307692306815,否
IN0107,B6T0000000313,E4,4,7,45,46,深位,316560.0,316827.4707692308,316866.1384615385,306.1384615384741,否
IN0107,B6T0000000313,E4,4,8,45,46,浅位,316560.0,316898.8061538462,316937.4738461539,377.47384615388,否
IN0107,B6T0000000313,E4,4,8,45,46,深位,316560.0,316970.1415384616,317008.8092307693,448.80923076928593,否
IN0107,B6T0000000313,E4,4,7,44,51,浅位,316560.0,317041.476923077,317080.1753846155,520.1753846154897,否
IN0107,B6T0000000313,E4,4,7,44,51,深位,316560.0,317112.87384615396,317151.57230769243,591.5723076924332,否
IN0107,B6T0000000313,E4,4,8,44,51,浅位,316560.0,317184.2707692309,317222.9692307694,662.9692307693767,否
IN0107,B6T0000000313,E4,4,8,44,51,深位,316560.0,317255.66769230785,317294.3661538463,734.3661538463202,否
IN0107,B6T0000000313,E4,4,7,43,56,浅位,316560.0,317327.0646153848,317365.793846154,805.7938461540034,否
IN0107,B6T0000000313,E4,4,7,43,56,深位,316560.0,317398.5230769233,317437.2523076925,877.2523076924845,否
IN0107,B6T0000000313,E4,4,8,43,56,浅位,316560.0,317469.98153846175,317508.71076923097,948.7107692309655,否
IN0107,B6T0000000313,E4,4,8,43,56,深位,316560.0,317541.44000000024,317580.16923076945,1020.1692307694466,否
IN0107,B6T0000000313,E4,4,7,45,47,浅位,316560.0,317612.8984615387,317651.7261538464,1091.7261538464227,否
IN0107,B6T0000000313,E4,4,7,45,47,深位,316560.0,317684.55384615413,317723.38153846184,1163.3815384618356,否
IN0107,B6T0000000313,E4,4,8,45,47,浅位,316560.0,317756.20923076954,317795.03692307725,1235.0369230772485,否
IN0107,B6T0000000313,E4,4,8,45,47,深位,316560.0,317827.86461538495,317866.69230769266,1306.6923076926614,否
IN0107,B6T0000000313,E4,4,7,44,52,浅位,316560.0,317899.52000000037,317938.3784615388,1378.378461538814,否
IN0107,B6T0000000313,E4,4,7,44,52,深位,316560.0,317971.2369230773,318010.09538461576,1450.0953846157645,否
IN0107,B6T0000000313,E4,4,8,44,52,浅位,316560.0,318042.95384615427,318081.8123076927,1521.812307692715,否
IN0107,B6T0000000313,E4,4,8,44,52,深位,316560.0,318114.6707692312,318153.52923076967,1593.5292307696654,否
IN0107,B6T0000000313,E4,4,7,43,57,浅位,316560.0,318186.38769230817,318225.2769230774,1665.2769230774138,否
IN0107,B6T0000000313,E4,4,7,43,57,深位,316560.0,318258.16615384666,318297.0553846159,1737.0553846159019,否
IN0107,B6T0000000313,E4,4,8,43,57,浅位,316560.0,318329.94461538515,318368.8338461544,1808.83384615439,否
IN0107,B6T0000000313,E4,4,8,43,57,深位,316560.0,318401.72307692363,318440.6123076929,1880.612307692878,否
IN0107,B6T0000000313,E4,4,7,45,48,浅位,316560.0,318473.5015384621,318512.4892307698,1952.4892307698028,否
IN0107,B6T0000000313,E4,4,7,45,48,深位,316560.0,318545.4769230775,318584.46461538516,2024.4646153851645,否
IN0107,B6T0000000313,E4,4,8,45,48,浅位,316560.0,318617.45230769285,318656.4400000005,2096.440000000526,否
IN0107,B6T0000000313,E4,4,8,45,48,深位,316560.0,318689.4276923082,318728.4153846159,2168.415384615888,否
IN0408,B6T0000001241,E3,4,7,10,8,浅位,341820.0,341820.0,341830.6646153846,10.664615384594072,否
IN0408,B6T0000001241,E3,4,7,10,8,深位,341820.0,341835.32923076925,341845.99384615384,25.993846153840423,否
IN0408,B6T0000001241,E3,4,8,10,8,浅位,341820.0,341850.6584615385,341861.3230769231,41.323076923086774,否
IN0408,B6T0000001241,E3,4,8,10,8,深位,341820.0,341865.98769230774,341876.65230769233,56.652307692333125,否
IN0408,B6T0000001241,E3,4,8,9,12,浅位,341820.0,341881.316923077,341892.0061538462,72.00615384621779,否
IN0408,B6T0000001241,E3,4,8,9,12,深位,341820.0,341896.69538461545,341907.3846153847,87.38461538468255,否
IN0408,B6T0000001241,E3,4,8,9,16,浅位,341820.0,341912.0738461539,341923.40307692316,103.40307692316128,否
IN0408,B6T0000001241,E3,4,8,9,16,深位,341820.0,341928.73230769235,341940.0615384616,120.06153846159577,否
IN0296,B6T0000000889,E3,4,7,12,7,浅位,341880.0,341945.3907692308,341957.12615384615,77.12615384615492,否
IN0296,B6T0000000889,E3,4,7,12,7,深位,341880.0,341962.8615384615,341974.5969230769,94.59692307689693,否
IN0296,B6T0000000889,E3,4,8,12,7,浅位,341880.0,341980.33230769227,341992.06769230764,112.06769230763894,否
IN0386,B6T0000001180,E3,4,8,12,7,深位,342660.0,342660.0,342671.7353846154,11.735384615371004,否
IN0386,B6T0000001180,E3,4,7,13,5,浅位,342660.0,342677.47076923074,342689.50153846154,29.501538461539894,否
IN0386,B6T0000001180,E3,4,7,13,5,深位,342660.0,342695.5323076923,342707.5630769231,47.56307692307746,否
IN0386,B6T0000001180,E3,4,8,13,5,浅位,342660.0,342713.5938461538,342725.6246153846,65.62461538461503,否
IN0386,B6T0000001180,E3,4,8,13,5,深位,342660.0,342731.65538461535,342743.68615384615,83.68615384615259,否
IN0386,B6T0000001180,E3,4,8,16,1,浅位,342660.0,342749.7169230769,342762.9538461538,102.95384615380317,否
IN0386,B6T0000001180,E3,4,8,16,1,深位,342660.0,342770.1907692307,342783.4276923076,123.42769230762497,否
IN0386,B6T0000001180,E3,4,7,18,2,浅位,342660.0,342790.66461538454,342805.29230769223,145.29230769223068,否
IN0386,B6T0000001180,E3,4,7,18,2,深位,342660.0,342813.9199999999,342828.5476923076,168.5476923076203,否
IN0386,B6T0000001180,E3,4,8,18,2,浅位,342660.0,342837.1753846153,342851.803076923,191.80307692300994,否
IN0386,B6T0000001180,E3,4,8,18,2,深位,342660.0,342860.4307692307,342875.0584615384,215.05846153839957,否
IN0386,B6T0000001180,E3,4,7,14,61,浅位,342660.0,342883.6861538461,342905.29230769223,245.29230769223068,否
IN0386,B6T0000001180,E3,4,7,14,61,深位,342660.0,342920.8984615384,342942.50461538456,282.5046153845615,否
IN0386,B6T0000001180,E3,4,8,14,61,浅位,342660.0,342958.11076923076,342979.7169230769,319.7169230768923,否
IN0386,B6T0000001180,E3,4,8,14,61,深位,342660.0,342995.3230769231,343016.9292307692,356.92923076922307,否
IN0386,B6T0000001180,E3,4,7,13,65,浅位,342660.0,343032.5353846154,343054.1661538462,394.1661538461922,否
IN0386,B6T0000001180,E3,4,7,13,65,深位,342660.0,343069.79692307697,343091.42769230774,431.4276923077414,否
IN0386,B6T0000001180,E3,4,8,13,65,浅位,342660.0,343107.0584615385,343128.6892307693,468.6892307692906,否
IN0386,B6T0000001180,E3,4,8,13,65,深位,342660.0,343144.32000000007,343165.95076923084,505.9507692308398,否
IN0386,B6T0000001180,E3,4,7,25,19,浅位,342660.0,343181.5815384616,343203.236923077,543.2369230770273,否
IN0386,B6T0000001180,E3,4,7,25,19,深位,342660.0,343218.8923076924,343240.5476923078,580.5476923077949,否
IN0386,B6T0000001180,E3,4,8,25,19,浅位,342660.0,343256.20307692315,343277.85846153856,617.8584615385626,否
IN0386,B6T0000001180,E3,4,8,25,19,深位,342660.0,343293.5138461539,343315.16923076933,655.1692307693302,否
IN0386,B6T0000001180,E3,4,7,15,58,浅位,342660.0,343330.8246153847,343352.5661538462,692.5661538462155,否
IN0386,B6T0000001180,E3,4,7,15,58,深位,342660.0,343368.30769230775,343390.0492307693,730.0492307692766,否
IN0386,B6T0000001180,E3,4,8,15,58,浅位,342660.0,343405.7907692308,343427.53230769234,767.5323076923378,否
IN0386,B6T0000001180,E3,4,8,15,58,深位,342660.0,343443.27384615387,343465.0153846154,805.015384615399,否
IN0386,B6T0000001180,E3,4,7,14,62,浅位,342660.0,343480.75692307693,343502.5230769231,842.5230769230984,否
IN0386,B6T0000001180,E3,4,7,14,62,深位,342660.0,343518.2892307692,343540.0553846154,880.055384615378,否
IN0386,B6T0000001180,E3,4,8,14,62,浅位,342660.0,343555.8215384615,343577.58769230766,917.5876923076576,否
IN0386,B6T0000001180,E3,4,8,14,62,深位,342660.0,343593.35384615377,343615.11999999994,955.1199999999371,否
IN0386,B6T0000001180,E3,4,7,13,66,浅位,342660.0,343630.88615384605,343652.6769230768,992.6769230767968,否
IN0386,B6T0000001180,E3,4,7,13,66,深位,342660.0,343668.4676923076,343690.25846153835,1030.258461538353,否
IN0386,B6T0000001180,E3,4,8,13,66,浅位,342660.0,343706.04923076916,343727.8399999999,1067.8399999999092,否
IN0386,B6T0000001180,E3,4,8,13,66,深位,342660.0,343743.6307692307,343765.42153846147,1105.4215384614654,否
IN0386,B6T0000001180,E3,4,7,15,59,浅位,342660.0,343781.2123076923,343803.11384615384,1143.1138461538358,否
IN0386,B6T0000001180,E3,4,7,15,59,深位,342660.0,343819.01538461534,343840.9169230769,1180.916923076904,否
IN0650,B6T0000001965,E1,4,7,2,4,浅位,349860.0,349860.0,349867.1015384615,7.101538461516611,否
IN0650,B6T0000001965,E1,4,7,2,4,深位,349860.0,349868.2030769231,349875.3046153846,15.304615384608041,否
IN0650,B6T0000001965,E1,4,8,2,4,浅位,349860.0,349876.4061538462,349883.5076923077,23.50769230769947,否
IN0650,B6T0000001965,E1,4,7,6,9,浅位,349860.0,349884.6092307693,349893.7415384616,33.74153846158879,否
IN0650,B6T0000001965,E1,4,7,6,9,深位,349860.0,349896.8738461539,349906.0061538462,46.006153846217785,否
IN0576,B6T0000001708,E1,4,7,2,4,浅位,352140.0,352140.0,352147.1015384615,7.101538461516611,否
IN0576,B6T0000001708,E1,4,7,2,4,深位,352140.0,352148.2030769231,352155.3046153846,15.304615384608041,否
IN0576,B6T0000001708,E1,4,8,2,4,浅位,352140.0,352156.4061538462,352163.5076923077,23.50769230769947,否
IN0576,B6T0000001708,E1,4,7,6,9,浅位,352140.0,352164.6092307693,352173.7415384616,33.74153846158879,否
IN0576,B6T0000001708,E1,4,8,7,13,浅位,352140.0,352176.8738461539,352186.9538461539,46.953846153919585,否
IN0334,B6T0000001034,E3,4,8,12,10,浅位,354360.0,354360.0,354372.2153846154,12.215384615410585,否
IN0334,B6T0000001034,E3,4,8,12,10,深位,354360.0,354378.43076923076,354390.6461538462,30.646153846173547,否
IN0431,B6T0000001310,E3,4,7,14,5,深位,354360.0,354396.8615384615,354409.5076923077,49.50769230769947,否
IN0431,B6T0000001310,E3,4,8,14,5,浅位,354360.0,354416.1538461538,354428.8,68.79999999998836,否
IN0272,B6T0000000818,E3,4,8,14,5,深位,358020.0,358020.0,358032.6461538462,12.646153846173547,否
IN0272,B6T0000000818,E3,4,8,15,59,浅位,358020.0,358039.2923076923,358061.19384615385,41.193846153852064,否
IN0036,B6T0000000110,E4,4,7,44,1,浅位,372240.0,372240.0,372270.6984615385,30.698461538471747,否
IN0036,B6T0000000110,E4,4,7,44,1,深位,372240.0,372295.39692307694,372326.0953846154,86.09538461541524,否
IN0004,B6T0000000004,E4,4,8,44,1,浅位,373200.0,373200.0,373230.6984615385,30.698461538471747,否
IN0004,B6T0000000004,E4,4,8,44,1,深位,373200.0,373255.39692307694,373286.0953846154,86.09538461541524,否
IN0478,B6T0000001440,E1,4,7,2,4,浅位,375660.0,375660.0,375667.1015384615,7.101538461516611,否
IN0478,B6T0000001440,E1,4,7,2,4,深位,375660.0,375668.2030769231,375675.3046153846,15.304615384608041,否
IN0478,B6T0000001440,E1,4,8,2,4,浅位,375660.0,375676.4061538462,375683.5076923077,23.50769230769947,否
IN0478,B6T0000001440,E1,4,7,6,9,浅位,375660.0,375684.6092307693,375693.7415384616,33.74153846158879,否
IN0478,B6T0000001440,E1,4,8,6,22,浅位,375660.0,375696.8738461539,375708.08615384623,48.08615384623408,否
IN0478,B6T0000001440,E1,4,7,7,36,深位,375660.0,375713.2984615385,375727.0584615385,67.05846153851599,否
IN0478,B6T0000001440,E1,4,8,3,44,深位,375660.0,375734.8184615385,375748.62769230775,88.62769230775302,否
IN0478,B6T0000001440,E1,4,7,6,39,深位,375660.0,375756.436923077,375770.3692307693,110.3692307692836,否
IN0478,B6T0000001440,E1,4,7,5,41,深位,375660.0,375778.3015384616,375792.2461538462,132.24615384620847,否
IN0478,B6T0000001440,E1,4,7,6,41,浅位,375660.0,375800.19076923083,375814.44307692314,154.44307692314032,否
IN0478,B6T0000001440,E1,4,7,6,41,深位,375660.0,375822.69538461545,375836.94769230776,176.94769230776,否
IN0478,B6T0000001440,E1,4,7,4,47,深位,375660.0,375845.20000000007,375859.79692307697,199.79692307696678,否
IN0478,B6T0000001440,E1,4,8,2,51,深位,375660.0,375868.3938461539,375883.01538461546,223.01538461545715,否
IN0478,B6T0000001440,E1,4,8,8,40,深位,375660.0,375891.636923077,375906.3446153847,246.3446153847035,否
IN0478,B6T0000001440,E1,4,7,8,41,深位,375660.0,375915.05230769236,375929.92000000004,269.9200000000419,否
IN0478,B6T0000001440,E1,4,7,2,54,深位,375660.0,375938.7876923077,375953.88923076924,293.889230769244,否
IN0478,B6T0000001440,E1,4,8,1,56,深位,375660.0,375962.9907692308,375978.10461538465,318.1046153846546,否
IN0478,B6T0000001440,E1,4,7,5,49,深位,375660.0,375987.2184615385,376002.4430769231,342.4430769230821,否
IN0478,B6T0000001440,E1,4,8,5,49,浅位,375660.0,376011.66769230773,376026.8923076923,366.8923076923238,否
IN0478,B6T0000001440,E1,4,8,5,49,深位,375660.0,376036.116923077,376051.34153846157,391.3415384615655,否
IN0478,B6T0000001440,E1,4,7,1,59,浅位,375660.0,376060.5661538462,376076.16000000003,416.1600000000326,否
IN0478,B6T0000001440,E1,4,7,1,59,深位,375660.0,376085.7538461539,376101.3476923077,441.3476923077251,否
IN0478,B6T0000001440,E1,4,8,1,59,浅位,375660.0,376110.9415384616,376126.5353846154,466.53538461541757,否
IN0478,B6T0000001440,E1,4,8,1,59,深位,375660.0,376136.1292307693,376151.7230769231,491.72307692311006,否
IN0409,B6T0000001242,E3,4,7,12,11,浅位,378900.0,378900.0,378912.3753846154,12.375384615384974,否
IN0409,B6T0000001242,E3,4,7,15,6,浅位,378900.0,378918.75076923077,378932.1723076923,32.17230769229354,否
IN0409,B6T0000001242,E3,4,7,15,6,深位,378900.0,378939.5938461539,378953.0153846154,53.01538461539894,否
IN0409,B6T0000001242,E3,4,8,15,6,浅位,378900.0,378960.436923077,378973.8584615385,73.85846153850434,否
IN0409,B6T0000001242,E3,4,8,15,6,深位,378900.0,378981.2800000001,378994.7015384616,94.70153846160974,否
IN0409,B6T0000001242,E3,4,8,15,59,深位,378900.0,379002.1230769232,379024.02461538475,124.02461538475472,否
IN0409,B6T0000001242,E3,4,7,14,63,浅位,378900.0,379039.92615384626,379061.8523076924,161.85230769240297,否
IN0409,B6T0000001242,E3,4,7,14,63,深位,378900.0,379077.77846153855,379099.7046153847,199.70461538468953,否
IN0613,B6T0000001818,E1,4,7,2,17,浅位,405960.0,405960.0,405969.18153846153,9.18153846153291,否
IN0613,B6T0000001818,E1,4,7,2,17,深位,405960.0,405972.36307692307,405981.5446153846,21.54461538459873,否
IN0613,B6T0000001818,E1,4,8,2,17,浅位,405960.0,405984.72615384613,405993.90769230766,33.90769230766455,否
IN0613,B6T0000001818,E1,4,8,4,26,深位,405960.0,405997.0892307692,406008.3261538461,48.326153846108355,否
IN0613,B6T0000001818,E1,4,7,8,19,浅位,405960.0,406013.563076923,406024.9107692307,64.91076923068613,否
IN0613,B6T0000001818,E1,4,8,8,46,深位,405960.0,406030.2584615384,406045.9261538461,85.92615384608507,否
IN0661,B6T0000001985,E1,4,8,5,52,深位,430140.0,430140.0,430155.70461538463,15.704615384631325,否
IN0661,B6T0000001985,E1,4,7,1,60,浅位,430140.0,430165.4092307692,430181.16307692305,41.16307692305418,否
IN0566,B6T0000001682,E1,4,7,1,60,深位,430560.0,430560.0,430575.75384615385,15.753846153849736,否
IN0566,B6T0000001682,E1,4,8,1,60,浅位,430560.0,430585.5076923077,430601.26153846155,41.26153846154921,否
IN0566,B6T0000001682,E1,4,8,1,60,深位,430560.0,430611.0153846154,430626.76923076925,66.76923076924868,否
IN0566,B6T0000001682,E1,4,8,8,47,深位,430560.0,430636.5230769231,430652.3507692308,92.35076923080487,否
IN0566,B6T0000001682,E1,4,7,2,59,浅位,430560.0,430662.1784615385,430678.0800000001,118.0800000000745,否
IN0543,B6T0000001610,E1,4,7,2,59,深位,430560.0,430687.9815384616,430703.88307692314,143.88307692314265,否
IN0543,B6T0000001610,E1,4,8,2,59,浅位,430560.0,430713.78461538465,430729.6861538462,169.6861538462108,否
IN0543,B6T0000001610,E1,4,8,2,59,深位,430560.0,430739.5876923077,430755.4892307693,195.48923076927895,否
IN0543,B6T0000001610,E1,4,7,1,61,浅位,430560.0,430765.3907692308,430781.3046153846,221.30461538460804,否
IN0543,B6T0000001610,E1,4,7,1,61,深位,430560.0,430791.2184615385,430807.1323076923,247.1323076923145,否
IN0543,B6T0000001610,E1,4,8,1,61,浅位,430560.0,430817.0461538462,430832.96,272.96000000002095,否
IN0543,B6T0000001610,E1,4,8,1,61,深位,430560.0,430842.8738461539,430858.7876923077,298.7876923077274,否
IN0543,B6T0000001610,E1,4,8,5,54,深位,430560.0,430868.7015384616,430884.72615384625,324.72615384624805,否
IN0543,B6T0000001610,E1,4,7,3,58,浅位,430560.0,430894.7507692308,430910.80000000005,350.80000000004657,否
IN0543,B6T0000001610,E1,4,7,3,58,深位,430560.0,430920.84923076926,430936.8984615385,376.8984615384834,否
IN0543,B6T0000001610,E1,4,8,3,58,浅位,430560.0,430946.9476923077,430962.9969230769,402.9969230769202,否
IN0543,B6T0000001610,E1,4,8,3,58,深位,430560.0,430973.04615384614,430989.09538461536,429.09538461535703,否
IN0543,B6T0000001610,E1,4,7,2,60,浅位,430560.0,430999.1446153846,431015.2061538461,455.206153846113,否
IN0543,B6T0000001610,E1,4,7,2,60,深位,430560.0,431025.26769230765,431041.3292307692,481.32923076918814,否
IN0666,B6T0000001996,E1,4,8,1,2,深位,435120.0,435120.0,435126.4738461538,6.473846153821796,否
IN0666,B6T0000001996,E1,4,7,5,2,浅位,435120.0,435126.9476923077,435134.65230769233,14.652307692333125,否
IN0666,B6T0000001996,E1,4,7,5,2,深位,435120.0,435136.3569230769,435144.06153846154,24.061538461537566,否
IN0666,B6T0000001996,E1,4,8,5,2,深位,435120.0,435145.7661538461,435153.47076923074,33.47076923074201,否
IN0666,B6T0000001996,E1,4,7,4,4,浅位,435120.0,435155.1753846153,435162.89230769227,42.892307692265604,否
IN0666,B6T0000001996,E1,4,7,4,4,深位,435120.0,435164.60923076916,435172.3261538461,52.326153846108355,否
IN0666,B6T0000001996,E1,4,8,4,4,浅位,435120.0,435174.043076923,435181.75999999995,61.759999999951106,否
IN0666,B6T0000001996,E1,4,8,4,4,深位,435120.0,435183.47692307684,435191.1938461538,71.19384615379386,否
IN0666,B6T0000001996,E1,4,7,2,8,浅位,435120.0,435192.9107692307,435200.6523076922,80.65230769221671,否
IN0666,B6T0000001996,E1,4,8,1,21,浅位,435120.0,435202.39384615375,435211.9076923076,91.90769230760634,否
IN0666,B6T0000001996,E1,4,8,1,21,深位,435120.0,435215.42153846147,435224.9353846153,104.93538461532444,否
IN0666,B6T0000001996,E1,4,7,10,1,浅位,435120.0,435228.4492307692,435237.9938461538,117.99384615378221,否
IN0388,B6T0000001185,E3,4,7,9,4,浅位,440220.0,440220.0,440229.4092307692,9.409230769204441,否
IN0388,B6T0000001185,E3,4,7,9,4,深位,440220.0,440232.81846153847,440242.2276923077,22.227692307671532,否
IN0388,B6T0000001185,E3,4,7,10,1,深位,440220.0,440245.63692307693,440255.18153846153,35.18153846153291,否
IN0388,B6T0000001185,E3,4,8,10,1,浅位,440220.0,440258.7261538462,440268.2707692308,48.270769230788574,否
IN0388,B6T0000001185,E3,4,8,10,1,深位,440220.0,440271.81538461545,440281.36000000004,61.36000000004424,否
IN0388,B6T0000001185,E3,4,7,9,11,浅位,440220.0,440284.9046153847,440295.43384615396,75.43384615395917,否
IN0388,B6T0000001185,E3,4,7,9,11,深位,440220.0,440299.96307692316,440310.4923076924,90.49230769241694,否
IN0388,B6T0000001185,E3,4,8,9,11,浅位,440220.0,440315.0215384616,440325.5507692309,105.55076923087472,否
IN0388,B6T0000001185,E3,4,8,9,11,深位,440220.0,440330.0800000001,440340.60923076933,120.6092307693325,否
IN0388,B6T0000001185,E3,4,7,19,2,浅位,440220.0,440345.13846153853,440360.3815384616,140.38153846160276,否
IN0388,B6T0000001185,E3,4,7,19,2,深位,440220.0,440369.6246153847,440384.86769230774,164.8676923077437,否
IN0388,B6T0000001185,E3,4,8,19,2,浅位,440220.0,440394.1107692308,440409.3538461539,189.35384615388466,否
IN0388,B6T0000001185,E3,4,7,23,6,浅位,440220.0,440418.59692307696,440436.94153846154,216.94153846154222,否
IN0388,B6T0000001185,E3,4,7,21,26,浅位,440220.0,440449.2861538462,440469.60000000003,249.60000000003492,否
IN0388,B6T0000001185,E3,4,8,14,63,浅位,440220.0,440483.9138461539,440505.84,285.8400000000256,否
IN0388,B6T0000001185,E3,4,8,14,63,深位,440220.0,440521.76615384617,440543.6923076923,323.69230769231217,否
IN0388,B6T0000001185,E3,4,7,13,67,浅位,440220.0,440559.61846153846,440581.56923076924,361.56923076923704,否
IN0388,B6T0000001185,E3,4,7,13,67,深位,440220.0,440597.52,440619.4707692308,399.4707692308002,否
IN0388,B6T0000001185,E3,4,8,13,67,浅位,440220.0,440635.4215384616,440657.37230769236,437.3723076923634,否
IN0388,B6T0000001185,E3,4,8,13,67,深位,440220.0,440673.32307692314,440695.2738461539,475.27384615392657,否
IN0388,B6T0000001185,E3,4,7,19,44,深位,440220.0,440711.2246153847,440733.1876923078,513.1876923078089,否
IN0388,B6T0000001185,E3,4,8,19,44,浅位,440220.0,440749.15076923085,440771.11384615395,551.1138461539522,否
IN0388,B6T0000001185,E3,4,8,19,44,深位,440220.0,440787.076923077,440809.0400000001,589.0400000000955,否
IN0388,B6T0000001185,E3,4,7,16,56,浅位,440220.0,440825.00307692314,440847.04000000004,627.0400000000373,否
IN0388,B6T0000001185,E3,4,7,16,56,深位,440220.0,440863.076923077,440885.1138461539,665.113846153894,否
IN0388,B6T0000001185,E3,4,8,16,56,浅位,440220.0,440901.15076923085,440923.18769230775,703.1876923077507,否
IN0388,B6T0000001185,E3,4,8,16,56,深位,440220.0,440939.2246153847,440961.2615384616,741.2615384616074,否
IN0388,B6T0000001185,E3,4,7,15,60,浅位,440220.0,440977.29846153856,440999.3600000001,779.3600000001024,否
IN0388,B6T0000001185,E3,4,7,15,60,深位,440220.0,441015.42153846164,441037.4830769232,817.4830769231776,否
IN0525,B6T0000001563,E1,4,7,2,14,浅位,444120.0,444120.0,444128.70153846155,8.701538461551536,否
IN0525,B6T0000001563,E1,4,7,2,14,深位,444120.0,444131.4030769231,444140.10461538465,20.104615384654608,否
IN0525,B6T0000001563,E1,4,8,2,14,浅位,444120.0,444142.8061538462,444151.50769230776,31.50769230775768,否
IN0105,B6T0000000303,E4,4,7,43,2,浅位,451500.0,451500.0,451530.08923076926,30.089230769255664,否
IN0105,B6T0000000303,E4,4,7,43,2,深位,451500.0,451554.17846153845,451584.2676923077,84.26769230770878,否
IN0105,B6T0000000303,E4,4,7,44,1,浅位,451500.0,451608.3569230769,451639.0553846154,139.055384615378,否
IN0105,B6T0000000303,E4,4,7,44,1,深位,451500.0,451663.75384615385,451694.4523076923,194.45230769232148,否
IN0105,B6T0000000303,E4,4,7,47,1,浅位,451500.0,451719.1507692308,451752.15692307695,252.1569230769528,否
IN0551,B6T0000001647,E1,4,7,4,5,浅位,453960.0,453960.0,453967.8769230769,7.876923076924868,否
IN0551,B6T0000001647,E1,4,7,4,5,深位,453960.0,453969.75384615385,453977.6307692308,17.630769230774604,否
IN0551,B6T0000001647,E1,4,8,4,5,浅位,453960.0,453979.5076923077,453987.3846153846,27.38461538462434,否
IN0551,B6T0000001647,E1,4,8,4,5,深位,453960.0,453989.26153846155,453997.1384615385,37.138461538474075,否
IN0551,B6T0000001647,E1,4,8,3,23,深位,453960.0,453999.0153846154,454009.46461538464,49.46461538464064,否
IN0551,B6T0000001647,E1,4,8,6,18,深位,453960.0,454013.9138461539,454024.4861538462,64.48615384619916,否
IN0551,B6T0000001647,E1,4,7,9,15,浅位,453960.0,454029.0584615385,454040.22769230773,80.22769230772974,否
IN0551,B6T0000001647,E1,4,7,9,15,深位,453960.0,454045.396923077,454056.5661538462,96.56615384621546,否
IN0551,B6T0000001647,E1,4,8,9,15,浅位,453960.0,454061.7353846155,454072.9046153847,112.90461538470117,否
IN0551,B6T0000001647,E1,4,8,9,15,深位,453960.0,454078.073846154,454089.2430769232,129.2430769231869,否
IN0281,B6T0000000843,E3,4,8,9,4,深位,455100.0,455100.0,455109.4092307692,9.409230769204441,否
IN0281,B6T0000000843,E3,4,7,20,3,浅位,455100.0,455112.81846153847,455128.83692307695,28.836923076945823,否
IN0281,B6T0000000843,E3,4,8,15,60,浅位,455100.0,455138.85538461537,455160.9169230769,60.91692307690391,否
IN0281,B6T0000000843,E3,4,8,15,60,深位,455100.0,455176.97846153844,455199.04,99.03999999997905,否
IN0281,B6T0000000843,E3,4,7,14,64,浅位,455100.0,455215.1015384615,455237.1876923077,137.1876923076925,否
IN0281,B6T0000000843,E3,4,7,14,64,深位,455100.0,455253.2738461538,455275.36,175.35999999998603,否
IN0281,B6T0000000843,E3,4,8,14,64,浅位,455100.0,455291.4461538461,455313.5323076923,213.53230769227957,否
IN0281,B6T0000000843,E3,4,8,14,64,深位,455100.0,455329.6184615384,455351.7046153846,251.70461538457312,否
IN0281,B6T0000000843,E3,4,7,13,68,浅位,455100.0,455367.7907692307,455389.90153846145,289.90153846144676,否
IN0281,B6T0000000843,E3,4,7,13,68,深位,455100.0,455406.0123076922,455428.12307692296,328.1230769229587,否
IN0281,B6T0000000843,E3,4,8,13,68,浅位,455100.0,455444.2338461537,455466.34461538447,366.34461538447067,否
IN0281,B6T0000000843,E3,4,8,13,68,深位,455100.0,455482.4553846152,455504.566153846,404.5661538459826,否
IN0281,B6T0000000843,E3,4,7,16,57,浅位,455100.0,455520.67692307674,455542.87384615367,442.87384615367046,否
IN0281,B6T0000000843,E3,4,7,16,57,深位,455100.0,455559.0707692306,455581.26769230753,481.26769230753416,否
IN0281,B6T0000000843,E3,4,8,16,57,浅位,455100.0,455597.46461538447,455619.6615384614,519.6615384613979,否
IN0281,B6T0000000843,E3,4,8,16,57,深位,455100.0,455635.85846153833,455658.05538461526,558.0553846152616,否
IN0281,B6T0000000843,E3,4,7,15,61,浅位,455100.0,455674.2523076922,455696.4738461537,596.4738461537054,否
IN0281,B6T0000000843,E3,4,7,15,61,深位,455100.0,455712.6953846153,455734.9169230768,634.9169230767875,否
IN0281,B6T0000000843,E3,4,8,15,61,浅位,455100.0,455751.13846153836,455773.35999999987,673.3599999998696,否
IN0281,B6T0000000843,E3,4,8,15,61,深位,455100.0,455789.58153846144,455811.80307692295,711.8030769229517,否
IN0281,B6T0000000843,E3,4,7,14,65,浅位,455100.0,455828.0246153845,455850.2707692307,750.2707692306722,是
IN0281,B6T0000000843,E3,4,7,12,11,深位,455100.0,455872.5169230768,455884.8923076922,784.8923076922074,是
IN0281,B6T0000000843,E3,4,8,12,11,浅位,455100.0,455897.2676923076,455909.643076923,809.6430769229773,否
IN0281,B6T0000000843,E3,4,7,14,65,深位,455100.0,455916.01846153836,455938.2646153845,838.2646153845126,否
IN0281,B6T0000000843,E3,4,8,14,65,浅位,455100.0,455954.51076923066,455976.7569230768,876.7569230768131,否
IN0281,B6T0000000843,E3,4,8,14,65,深位,455100.0,455993.00307692296,456015.2492307691,915.2492307691136,否
IN0281,B6T0000000843,E3,4,7,16,58,浅位,455100.0,456031.49538461526,456053.85230769217,953.8523076921701,否
IN0281,B6T0000000843,E3,4,7,16,58,深位,455100.0,456070.20923076913,456092.56615384604,992.5661538460408,否
IN0281,B6T0000000843,E3,4,8,16,58,浅位,455100.0,456108.923076923,456131.2799999999,1031.2799999999115,否
IN0281,B6T0000000843,E3,4,8,16,58,深位,455100.0,456147.6369230769,456169.9938461538,1069.9938461537822,否
IN0281,B6T0000000843,E3,4,7,15,62,浅位,455100.0,456186.35076923075,456208.7323076923,1108.7323076922912,否
IN0281,B6T0000000843,E3,4,7,15,62,深位,455100.0,456225.11384615384,456247.4953846154,1147.4953846153803,否
IN0281,B6T0000000843,E3,4,8,15,62,浅位,455100.0,456263.8769230769,456286.25846153847,1186.2584615384694,否
IN0281,B6T0000000843,E3,4,8,15,62,深位,455100.0,456302.64,456325.02153846156,1225.0215384615585,否
IN0281,B6T0000000843,E3,4,7,14,66,浅位,455100.0,456341.4030769231,456363.8092307693,1263.809230769286,否
IN0168,B6T0000000490,E3,5,10,10,2,深位,1860.0,1860.0,1869.7046153846154,9.704615384615408,否
IN0168,B6T0000000490,E3,5,9,10,8,深位,1860.0,1873.4092307692308,1884.0738461538463,24.07384615384626,否
IN0168,B6T0000000490,E3,5,9,10,10,深位,1860.0,1888.7384615384615,1899.7230769230769,39.72307692307686,否
IN0168,B6T0000000490,E3,5,9,14,4,深位,1860.0,1904.7076923076922,1917.1938461538462,57.19384615384615,否
IN0471,B6T0000001416,E1,5,9,2,5,深位,12780.0,12780.0,12787.261538461538,7.261538461538294,否
IN0471,B6T0000001416,E1,5,9,2,6,深位,12780.0,12788.523076923077,12795.944615384615,15.944615384614735,否
IN0495,B6T0000001491,E1,5,9,2,7,深位,13800.0,13800.0,13807.581538461538,7.581538461538003,否
IN0495,B6T0000001491,E1,5,10,6,1,深位,13800.0,13809.163076923078,13817.015384615386,17.01538461538621,否
IN0316,B6T0000000947,E3,5,9,13,15,浅位,14640.0,14640.0,14653.63076923077,13.630769230769147,否
IN0316,B6T0000000947,E3,5,9,13,15,深位,14640.0,14661.261538461538,14674.892307692307,34.89230769230744,否
IN0316,B6T0000000947,E3,5,10,13,15,浅位,14640.0,14682.523076923077,14696.153846153846,56.153846153845734,否
IN0316,B6T0000000947,E3,5,10,13,15,深位,14640.0,14703.784615384615,14717.415384615384,77.41538461538403,否
IN0316,B6T0000000947,E3,5,10,14,13,深位,14640.0,14725.046153846153,14738.972307692307,98.97230769230737,否
IN0316,B6T0000000947,E3,5,9,9,33,深位,14640.0,14746.898461538462,14760.947692307693,120.9476923076927,否
IN0316,B6T0000000947,E3,5,10,14,14,深位,14640.0,14768.996923076924,14783.083076923078,143.0830769230779,否
IN0316,B6T0000000947,E3,5,10,15,22,深位,14640.0,14791.169230769232,14807.15076923077,167.15076923076958,否
IN0316,B6T0000000947,E3,5,10,10,44,深位,14640.0,14817.132307692309,14833.556923076925,193.55692307692516,否
IN0316,B6T0000000947,E3,5,9,21,2,深位,14640.0,14843.98153846154,14860.455384615385,220.4553846153849,否
IN0316,B6T0000000947,E3,5,9,9,54,深位,14640.0,14870.929230769232,14888.338461538462,248.33846153846207,否
IN0316,B6T0000000947,E3,5,9,14,35,深位,14640.0,14899.747692307694,14917.193846153848,277.1938461538484,否
IN0316,B6T0000000947,E3,5,9,18,23,深位,14640.0,14928.640000000001,14946.627692307693,306.627692307693,否
IN0316,B6T0000000947,E3,5,9,16,34,深位,14640.0,14958.615384615387,14977.132307692309,337.13230769230904,否
IN0316,B6T0000000947,E3,5,9,9,64,浅位,14640.0,14989.649230769233,15008.658461538464,368.6584615384636,否
IN0316,B6T0000000947,E3,5,9,9,64,深位,14640.0,15021.667692307696,15040.676923076926,400.67692307692596,否
IN0316,B6T0000000947,E3,5,10,9,64,浅位,14640.0,15053.686153846158,15072.695384615388,432.6953846153883,否
IN0316,B6T0000000947,E3,5,10,9,64,深位,14640.0,15085.70461538462,15104.71384615385,464.7138461538507,否
IN0316,B6T0000000947,E3,5,9,9,65,浅位,14640.0,15117.723076923083,15136.892307692313,496.8923076923129,否
IN0316,B6T0000000947,E3,5,9,9,65,深位,14640.0,15150.061538461545,15169.230769230775,529.230769230775,是
IN0190,B6T0000000548,E3,5,9,15,4,浅位,21480.0,21480.0,21493.10153846154,13.10153846153844,否
IN0190,B6T0000000548,E3,5,9,15,4,深位,21480.0,21500.203076923077,21513.304615384615,33.30461538461532,否
IN0190,B6T0000000548,E3,5,10,15,4,浅位,21480.0,21520.406153846154,21533.507692307692,53.507692307692196,否
IN0403,B6T0000001221,E3,5,10,15,4,深位,24480.0,24480.0,24493.10153846154,13.10153846153844,否
IN0403,B6T0000001221,E3,5,9,15,41,浅位,24480.0,24500.203076923077,24519.224615384614,39.22461538461357,否
IN0403,B6T0000001221,E3,5,9,15,41,深位,24480.0,24532.246153846154,24551.26769230769,71.2676923076906,否
IN0560,B6T0000001664,E1,5,10,3,9,深位,27600.0,27600.0,27608.20923076923,8.20923076922918,否
IN0560,B6T0000001664,E1,5,10,3,11,深位,27600.0,27610.418461538462,27618.947692307695,18.947692307694524,否
IN0560,B6T0000001664,E1,5,9,8,2,深位,27600.0,27621.476923076923,27630.104615384615,30.10461538461459,否
IN0560,B6T0000001664,E1,5,9,5,8,深位,27600.0,27632.73230769231,27641.396923076925,41.396923076925304,否
IN0560,B6T0000001664,E1,5,9,3,13,深位,27600.0,27644.06153846154,27652.910769230773,52.91076923077344,否
IN0560,B6T0000001664,E1,5,9,6,8,深位,27600.0,27655.760000000002,27664.73230769231,64.7323076923094,否
IN0560,B6T0000001664,E1,5,10,8,6,深位,27600.0,27667.704615384617,27676.972307692307,76.97230769230737,否
IN0560,B6T0000001664,E1,5,9,7,8,深位,27600.0,27680.24,27689.52,89.52000000000044,否
IN0560,B6T0000001664,E1,5,10,1,25,深位,27600.0,27692.800000000003,27702.95384615385,102.95384615385046,否
IN0560,B6T0000001664,E1,5,10,8,12,深位,27600.0,27707.107692307694,27717.335384615388,117.33538461538774,否
IN0560,B6T0000001664,E1,5,9,7,15,深位,27600.0,27721.563076923077,27731.96307692308,131.96307692307892,否
IN0560,B6T0000001664,E1,5,9,4,21,深位,27600.0,27736.363076923077,27746.8,146.79999999999927,否
IN0560,B6T0000001664,E1,5,9,8,14,深位,27600.0,27751.23692307692,27761.784615384615,161.78461538461488,否
IN0560,B6T0000001664,E1,5,9,7,17,深位,27600.0,27766.332307692308,27777.05230769231,177.0523076923091,否
IN0270,B6T0000000816,E3,5,9,12,29,浅位,33480.0,33480.0,33495.25538461538,15.255384615382354,否
IN0270,B6T0000000816,E3,5,9,12,29,深位,33480.0,33504.51076923077,33519.766153846154,39.76615384615434,否
IN0270,B6T0000000816,E3,5,10,12,29,浅位,33480.0,33529.021538461544,33544.276923076926,64.27692307692632,否
IN0270,B6T0000000816,E3,5,10,12,29,深位,33480.0,33553.532307692316,33568.7876923077,88.78769230769831,否
IN0270,B6T0000000816,E3,5,10,9,65,浅位,33480.0,33578.04307692309,33597.212307692316,117.21230769231624,否
IN0539,B6T0000001604,E1,5,9,7,5,浅位,49320.0,49320.0,49328.8,8.80000000000291,否
IN0539,B6T0000001604,E1,5,9,7,5,深位,49320.0,49331.6,49340.4,20.400000000001455,否
IN0487,B6T0000001471,E1,5,10,7,5,浅位,50280.0,50280.0,50288.8,8.80000000000291,否
IN0487,B6T0000001471,E1,5,10,7,5,深位,50280.0,50291.6,50300.4,20.400000000001455,否
IN0487,B6T0000001471,E1,5,9,6,7,浅位,50280.0,50303.2,50312.012307692305,32.0123076923046,否
IN0487,B6T0000001471,E1,5,9,6,7,深位,50280.0,50314.82461538461,50323.63692307692,43.63692307691963,否
IN0487,B6T0000001471,E1,5,10,6,7,浅位,50280.0,50326.44923076923,50335.261538461535,55.261538461534656,否
IN0487,B6T0000001471,E1,5,10,6,7,深位,50280.0,50338.07384615384,50346.88615384615,66.88615384614968,否
IN0487,B6T0000001471,E1,5,9,5,21,深位,50280.0,50349.69846153846,50360.443076923075,80.44307692307484,否
IN0487,B6T0000001471,E1,5,10,5,22,深位,50280.0,50365.187692307685,50376.0923076923,96.09230769229907,否
IN0522,B6T0000001560,E1,5,9,5,2,浅位,59460.0,59460.0,59467.70461538462,7.704615384616773,否
IN0522,B6T0000001560,E1,5,9,5,2,深位,59460.0,59469.40923076923,59477.11384615385,17.113846153850318,否
IN0188,B6T0000000543,E3,5,9,9,10,浅位,59580.0,59580.0,59590.36923076923,10.369230769232672,否
IN0188,B6T0000000543,E3,5,9,9,10,深位,59580.0,59594.73846153846,59605.10769230769,25.10769230769074,否
IN0188,B6T0000000543,E3,5,10,9,10,浅位,59580.0,59609.476923076916,59619.84615384615,39.84615384614881,否
IN0188,B6T0000000543,E3,5,10,9,10,深位,59580.0,59624.215384615374,59634.58461538461,54.58461538460688,否
IN0188,B6T0000000543,E3,5,9,10,31,浅位,59580.0,59638.95384615383,59653.29846153845,73.29846153844846,否
IN0188,B6T0000000543,E3,5,9,14,36,浅位,59580.0,59661.643076923065,59679.249230769216,99.2492307692155,否
IN0567,B6T0000001683,E1,5,10,5,2,浅位,59820.0,59820.0,59827.70461538462,7.704615384616773,否
IN0567,B6T0000001683,E1,5,10,5,2,深位,59820.0,59829.40923076923,59837.11384615385,17.113846153850318,否
IN0567,B6T0000001683,E1,5,9,2,8,浅位,59820.0,59838.81846153847,59846.560000000005,26.560000000004948,否
IN0567,B6T0000001683,E1,5,9,2,8,深位,59820.0,59848.30153846154,59856.04307692308,36.04307692308066,否
IN0567,B6T0000001683,E1,5,9,8,1,浅位,59820.0,59857.78461538462,59866.25230769231,46.25230769230984,否
IN0567,B6T0000001683,E1,5,9,8,1,深位,59820.0,59868.72,59877.18769230769,57.18769230769249,否
IN0567,B6T0000001683,E1,5,10,8,1,浅位,59820.0,59879.655384615384,59888.123076923075,68.12307692307513,否
IN0567,B6T0000001683,E1,5,10,8,1,深位,59820.0,59890.59076923077,59899.05846153846,79.05846153845778,否
IN0567,B6T0000001683,E1,5,10,5,12,浅位,59820.0,59901.52615384615,59910.830769230764,90.83076923076442,否
IN0567,B6T0000001683,E1,5,10,5,12,深位,59820.0,59914.13538461538,59923.439999999995,103.43999999999505,否
IN0567,B6T0000001683,E1,5,10,2,30,深位,59820.0,59926.74461538461,59938.00615384615,118.0061538461523,否
IN0567,B6T0000001683,E1,5,9,6,24,深位,59820.0,59943.26769230769,59954.799999999996,134.79999999999563,否
IN0601,B6T0000001780,E1,5,9,5,26,浅位,59820.0,59960.332307692304,59971.87692307692,151.8769230769176,否
IN0601,B6T0000001780,E1,5,9,3,31,深位,59820.0,59977.42153846154,59989.15076923077,169.1507692307714,否
IN0601,B6T0000001780,E1,5,10,7,25,深位,59820.0,59994.88,60006.88,186.87999999999738,否
IN0109,B6T0000000317,E4,5,9,45,3,浅位,82740.0,82740.0,82771.7876923077,31.787692307698308,否
IN0109,B6T0000000317,E4,5,9,45,3,深位,82740.0,82797.57538461538,82829.36307692308,89.36307692308037,否
IN0419,B6T0000001280,E3,5,9,14,36,深位,83280.0,83280.0,83297.60615384615,17.606153846150846,否
IN0419,B6T0000001280,E3,5,10,14,36,浅位,83280.0,83309.2123076923,83326.81846153845,46.81846153845254,否
IN0419,B6T0000001280,E3,5,10,9,65,深位,83280.0,83338.4246153846,83357.59384615383,77.59384615383169,否
IN0419,B6T0000001280,E3,5,9,9,66,浅位,83280.0,83370.76307692306,83390.09230769229,110.0923076922918,否
IN0419,B6T0000001280,E3,5,9,9,66,深位,83280.0,83403.42153846152,83422.75076923076,142.7507692307554,否
IN0050,B6T0000000141,E4,5,10,45,3,浅位,83460.0,83460.0,83491.7876923077,31.787692307698308,否
IN0050,B6T0000000141,E4,5,10,45,3,深位,83460.0,83517.57538461538,83549.36307692308,89.36307692308037,否
IN0363,B6T0000001116,E3,5,10,9,66,浅位,84900.0,84900.0,84919.32923076923,19.3292307692318,否
IN0363,B6T0000001116,E3,5,10,9,66,深位,84900.0,84932.65846153846,84951.9876923077,51.9876923076954,否
IN0363,B6T0000001116,E3,5,10,12,55,深位,84900.0,84965.31692307693,84984.7323076923,84.73230769230577,否
IN0347,B6T0000001070,E3,5,10,13,24,浅位,91680.0,91680.0,91695.07076923076,15.07076923076238,否
IN0347,B6T0000001070,E3,5,10,13,24,深位,91680.0,91704.14153846154,91719.2123076923,39.21230769230169,否
IN0597,B6T0000001774,E1,5,9,1,9,浅位,93660.0,93660.0,93667.59384615385,7.593846153846243,否
IN0597,B6T0000001774,E1,5,9,1,9,深位,93660.0,93669.18769230769,93676.78153846154,16.78153846153873,否
IN0597,B6T0000001774,E1,5,10,1,9,浅位,93660.0,93678.37538461538,93685.96923076923,25.969230769231217,否
IN0597,B6T0000001774,E1,5,10,1,9,深位,93660.0,93687.56307692308,93695.15692307692,35.156923076923704,否
IN0597,B6T0000001774,E1,5,9,7,6,浅位,93660.0,93696.75076923077,93705.71076923078,45.71076923077635,否
IN0597,B6T0000001774,E1,5,9,7,6,深位,93660.0,93708.67076923077,93717.63076923077,57.630769230774604,否
IN0597,B6T0000001774,E1,5,10,7,6,浅位,93660.0,93720.59076923077,93729.55076923077,69.55076923077286,否
IN0597,B6T0000001774,E1,5,9,1,38,深位,93660.0,93732.51076923076,93744.74461538461,84.74461538461037,否
IN0597,B6T0000001774,E1,5,9,4,38,深位,93660.0,93750.97846153846,93764.13538461538,104.13538461537973,否
IN0597,B6T0000001774,E1,5,9,4,39,深位,93660.0,93771.2923076923,93784.60923076923,124.60923076923063,否
IN0597,B6T0000001774,E1,5,9,2,43,深位,93660.0,93791.92615384614,93805.26769230768,145.26769230767968,否
IN0304,B6T0000000919,E3,5,9,24,3,浅位,97320.0,97320.0,97338.48,18.479999999995925,否
IN0304,B6T0000000919,E3,5,9,24,3,深位,97320.0,97350.96,97369.44,49.44000000000233,否
IN0434,B6T0000001316,E3,5,9,9,4,浅位,128280.0,128280.0,128289.40923076923,9.409230769233545,否
IN0434,B6T0000001316,E3,5,9,9,4,深位,128280.0,128292.81846153847,128302.2276923077,22.227692307700636,否
IN0434,B6T0000001316,E3,5,10,9,4,浅位,128280.0,128305.63692307693,128315.04615384617,35.046153846167726,否
IN0434,B6T0000001316,E3,5,10,19,17,浅位,128280.0,128318.4553846154,128336.09846153848,56.09846153848048,否
IN0606,B6T0000001793,E1,5,9,2,2,浅位,131520.0,131520.0,131526.78153846154,6.78153846153873,否
IN0606,B6T0000001793,E1,5,9,2,2,深位,131520.0,131527.56307692308,131534.34461538462,14.34461538461619,否
IN0606,B6T0000001793,E1,5,10,2,2,浅位,131520.0,131535.12615384615,131541.9076923077,21.90769230769365,否
IN0606,B6T0000001793,E1,5,10,2,2,深位,131520.0,131542.68923076923,131549.47076923077,29.47076923077111,否
IN0606,B6T0000001793,E1,5,9,1,16,浅位,131520.0,131550.2523076923,131558.96615384615,38.96615384615143,否
IN0606,B6T0000001793,E1,5,9,1,16,深位,131520.0,131561.68,131570.39384615383,50.3938461538346,否
IN0606,B6T0000001793,E1,5,10,1,16,浅位,131520.0,131573.10769230768,131581.82153846152,61.821538461517775,否
IN0349,B6T0000001083,E3,5,10,9,4,深位,133440.0,133440.0,133449.40923076923,9.409230769233545,否
IN0349,B6T0000001083,E3,5,10,19,17,深位,133440.0,133452.81846153847,133470.46153846153,30.461538461531745,否
IN0349,B6T0000001083,E3,5,9,23,3,浅位,133440.0,133482.10461538463,133499.96923076923,59.96923076923122,否
IN0349,B6T0000001083,E3,5,9,23,3,深位,133440.0,133511.83384615387,133529.69846153847,89.69846153847175,否
IN0349,B6T0000001083,E3,5,10,23,3,浅位,133440.0,133541.5630769231,133559.4276923077,119.42769230771228,否
IN0349,B6T0000001083,E3,5,10,23,3,深位,133440.0,133571.29230769235,133589.15692307695,149.1569230769528,否
IN0349,B6T0000001083,E3,5,10,24,3,浅位,133440.0,133601.0215384616,133619.5015384616,179.5015384615981,否
IN0349,B6T0000001083,E3,5,10,24,3,深位,133440.0,133631.98153846158,133650.4615384616,210.46153846158995,否
IN0349,B6T0000001083,E3,5,9,23,8,浅位,133440.0,133662.94153846157,133681.6061538462,241.6061538461945,否
IN0349,B6T0000001083,E3,5,9,10,63,浅位,133440.0,133694.2707692308,133713.7353846154,273.7353846154001,否
IN0349,B6T0000001083,E3,5,9,10,63,深位,133440.0,133727.2,133746.66461538462,306.6646153846232,否
IN0349,B6T0000001083,E3,5,10,10,63,浅位,133440.0,133760.12923076923,133779.59384615385,339.59384615384624,否
IN0349,B6T0000001083,E3,5,10,10,63,深位,133440.0,133793.05846153846,133812.52307692307,372.5230769230693,否
IN0603,B6T0000001789,E1,5,9,2,5,深位,136440.0,136440.0,136447.26153846155,7.261538461549208,否
IN0603,B6T0000001789,E1,5,9,2,6,深位,136440.0,136448.52307692307,136455.94461538462,15.944615384622011,否
IN0603,B6T0000001789,E1,5,10,1,16,深位,136440.0,136457.36615384615,136466.08,26.079999999987194,否
IN0603,B6T0000001789,E1,5,9,2,44,浅位,136440.0,136468.79384615383,136482.29538461537,42.295384615368675,否
IN0084,B6T0000000228,E4,5,10,45,26,深位,137160.0,137160.0,137195.4676923077,35.46769230769132,否
IN0084,B6T0000000228,E4,5,10,44,31,深位,137160.0,137224.93538461538,137260.43384615384,100.43384615384275,否
IN0084,B6T0000000228,E4,5,9,43,37,深位,137160.0,137289.9323076923,137325.62153846154,165.62153846153524,是
IN0084,B6T0000000228,E4,5,9,43,38,深位,137160.0,137361.31076923077,137397.16,237.1600000000035,是
IN0084,B6T0000000228,E4,5,10,45,31,深位,137160.0,137433.00923076924,137469.27692307692,309.27692307691905,否
IN0084,B6T0000000228,E4,5,10,46,27,深位,137160.0,137499.54461538463,137535.94153846154,375.9415384615422,否
IN0084,B6T0000000228,E4,5,9,44,38,深位,137160.0,137566.3384615385,137602.95692307694,442.95692307694117,否
IN0084,B6T0000000228,E4,5,9,48,20,深位,137160.0,137633.5753846154,137670.39076923078,510.3907692307839,否
IN0084,B6T0000000228,E4,5,10,46,31,深位,137160.0,137701.20615384617,137738.2430769231,578.2430769230996,否
IN0084,B6T0000000228,E4,5,9,43,49,浅位,137160.0,137769.28000000003,137806.88923076927,646.8892307692731,否
IN0084,B6T0000000228,E4,5,9,43,49,深位,137160.0,137838.4984615385,137876.10769230773,716.1076923077344,否
IN0084,B6T0000000228,E4,5,10,43,49,浅位,137160.0,137907.71692307695,137945.3261538462,785.3261538461957,否
IN0084,B6T0000000228,E4,5,10,43,49,深位,137160.0,137976.9353846154,138014.54461538466,854.5446153846569,否
IN0084,B6T0000000228,E4,5,9,43,50,浅位,137160.0,138046.15384615387,138083.9230769231,923.9230769230926,否
IN0515,B6T0000001543,E1,5,9,5,2,浅位,138060.0,138115.69230769234,138123.39692307694,63.396923076943494,否
IN0515,B6T0000001543,E1,5,9,5,2,深位,138060.0,138125.10153846157,138132.80615384618,72.80615384617704,否
IN0084,B6T0000000228,E4,5,9,43,50,深位,137160.0,138134.5107692308,138172.28000000003,1012.2800000000279,否
IN0340,B6T0000001043,E3,5,9,9,67,浅位,170700.0,170700.0,170719.48923076922,19.48923076922074,否
IN0340,B6T0000001043,E3,5,9,9,67,深位,170700.0,170732.97846153847,170752.4676923077,52.46769230769132,否
IN0340,B6T0000001043,E3,5,10,9,67,浅位,170700.0,170765.95692307694,170785.44615384616,85.4461538461619,否
IN0340,B6T0000001043,E3,5,10,9,67,深位,170700.0,170798.9353846154,170818.42461538463,118.42461538463249,否
IN0340,B6T0000001043,E3,5,9,10,64,浅位,170700.0,170831.91384615388,170851.5384615385,151.53846153849736,否
IN0340,B6T0000001043,E3,5,9,10,64,深位,170700.0,170865.1630769231,170884.78769230773,184.7876923077274,否
IN0165,B6T0000000484,E3,5,10,10,64,浅位,170760.0,170898.41230769234,170918.03692307696,158.03692307695746,否
IN0165,B6T0000000484,E3,5,10,10,64,深位,170760.0,170931.66153846157,170951.2861538462,191.28615384618752,否
IN0165,B6T0000000484,E3,5,9,9,68,浅位,170760.0,170964.9107692308,170984.56000000003,224.56000000002678,否
IN0165,B6T0000000484,E3,5,9,9,68,深位,170760.0,170998.20923076925,171017.85846153848,257.85846153847524,否
IN0165,B6T0000000484,E3,5,10,9,68,浅位,170760.0,171031.5076923077,171051.15692307692,291.1569230769237,否
IN0165,B6T0000000484,E3,5,10,9,68,深位,170760.0,171064.80615384615,171084.45538461537,324.45538461537217,否
IN0220,B6T0000000638,E3,5,9,11,61,浅位,170880.0,171098.1046153846,171117.8646153846,237.8646153846057,否
IN0220,B6T0000000638,E3,5,9,11,61,深位,170880.0,171131.6246153846,171151.3846153846,271.38461538459524,否
IN0147,B6T0000000436,E3,5,10,11,61,浅位,171060.0,171165.14461538458,171184.90461538458,124.90461538458476,否
IN0147,B6T0000000436,E3,5,10,11,61,深位,171060.0,171198.66461538456,171218.42461538457,158.42461538457428,否
IN0276,B6T0000000831,E3,5,9,14,2,浅位,172860.0,172860.0,172872.16615384616,12.16615384616307,否
IN0276,B6T0000000831,E3,5,9,14,2,深位,172860.0,172878.3323076923,172890.49846153846,30.498461538460106,否
IN0276,B6T0000000831,E3,5,10,14,2,浅位,172860.0,172896.6646153846,172908.83076923076,48.83076923075714,否
IN0276,B6T0000000831,E3,5,9,10,65,浅位,172860.0,172914.9969230769,172934.7815384615,74.78153846150963,否
IN0579,B6T0000001723,E1,5,10,3,3,浅位,174060.0,174060.0,174067.24923076923,7.249230769230053,否
IN0579,B6T0000001723,E1,5,10,3,3,深位,174060.0,174068.49846153846,174075.7476923077,15.747692307690158,否
IN0102,B6T0000000287,E4,5,10,44,23,浅位,182460.0,182460.0,182494.21846153846,34.21846153846127,否
IN0102,B6T0000000287,E4,5,10,44,23,深位,182460.0,182522.43692307692,182556.65538461538,96.65538461538381,否
IN0102,B6T0000000287,E4,5,10,43,50,浅位,182460.0,182584.87384615385,182622.64307692306,162.64307692306465,否
IN0538,B6T0000001598,E1,5,9,2,5,深位,186180.0,186180.0,186187.26153846155,7.261538461549208,否
IN0538,B6T0000001598,E1,5,9,2,6,深位,186180.0,186188.52307692307,186195.94461538462,15.944615384622011,否
IN0538,B6T0000001598,E1,5,10,1,16,深位,186180.0,186197.36615384615,186206.08,26.079999999987194,否
IN0148,B6T0000000437,E3,5,9,9,8,浅位,198900.0,198900.0,198910.04923076922,10.049230769218411,否
IN0148,B6T0000000437,E3,5,9,9,8,深位,198900.0,198914.09846153847,198924.14769230768,24.147692307684338,否
IN0148,B6T0000000437,E3,5,10,9,8,浅位,198900.0,198928.19692307693,198938.24615384615,38.246153846150264,否
IN0148,B6T0000000437,E3,5,10,9,8,深位,198900.0,198942.2953846154,198952.34461538462,52.34461538461619,否
IN0148,B6T0000000437,E3,5,10,15,1,浅位,198900.0,198956.39384615386,198969.0153846154,69.01538461539894,否
IN0148,B6T0000000437,E3,5,10,15,1,深位,198900.0,198975.63692307693,198988.25846153847,88.25846153846942,是
IN0148,B6T0000000437,E3,5,9,15,5,浅位,198900.0,199002.80000000002,199016.06153846157,116.06153846156667,是
IN0148,B6T0000000437,E3,5,9,15,5,深位,198900.0,199029.9630769231,199043.22461538465,143.22461538464995,否
IN0148,B6T0000000437,E3,5,10,15,5,浅位,198900.0,199050.48615384617,199063.74769230772,163.74769230771926,否
IN0148,B6T0000000437,E3,5,10,15,5,深位,198900.0,199071.00923076924,199084.2707692308,184.27076923078857,否
IN0148,B6T0000000437,E3,5,9,12,29,浅位,198900.0,199091.5323076923,199106.7876923077,206.7876923076983,否
IN0148,B6T0000000437,E3,5,9,12,29,深位,198900.0,199116.0430769231,199131.29846153848,231.29846153847757,否
IN0498,B6T0000001496,E1,5,10,2,7,浅位,202740.0,202741.71076923073,202749.29230769226,9.292307692259783,否
IN0498,B6T0000001496,E1,5,10,2,7,深位,202740.0,202750.87384615382,202758.45538461534,18.455384615343064,否
IN0498,B6T0000001496,E1,5,9,2,44,深位,202740.0,202760.0369230769,202773.53846153844,33.53846153843915,否
IN0498,B6T0000001496,E1,5,9,1,46,浅位,202740.0,202781.03999999998,202794.55384615384,54.553846153838094,否
IN0498,B6T0000001496,E1,5,9,1,46,深位,202740.0,202802.06769230767,202815.58153846153,75.58153846152709,否
IN0498,B6T0000001496,E1,5,9,5,39,浅位,202740.0,202823.09538461536,202836.71999999997,96.71999999997206,否
IN0494,B6T0000001484,E1,5,9,4,4,浅位,217500.0,217500.0,217507.71692307692,7.7169230769213755,否
IN0494,B6T0000001484,E1,5,9,4,4,深位,217500.0,217509.43384615384,217517.15076923076,17.150769230764126,否
IN0494,B6T0000001484,E1,5,10,4,4,浅位,217500.0,217518.8676923077,217526.5846153846,26.584615384606877,否
IN0466,B6T0000001402,E1,5,10,4,4,深位,222720.0,222720.0,222727.71692307692,7.7169230769213755,否
IN0466,B6T0000001402,E1,5,9,5,39,深位,222720.0,222729.43384615384,222743.05846153846,23.058461538457777,否
IN0630,B6T0000001888,E1,5,10,2,13,浅位,224340.0,224340.0,224348.54153846155,8.541538461548043,否
IN0630,B6T0000001888,E1,5,10,2,13,深位,224340.0,224351.08307692307,224359.62461538462,19.624615384615026,否
IN0630,B6T0000001888,E1,5,9,7,37,深位,224340.0,224362.16615384613,224376.08615384615,36.08615384614677,否
IN0630,B6T0000001888,E1,5,9,2,48,深位,224340.0,224384.00615384613,224398.14769230766,58.147692307655234,否
IN0630,B6T0000001888,E1,5,10,8,37,深位,224340.0,224406.2892307692,224420.5169230769,80.51692307690973,否
IN0630,B6T0000001888,E1,5,9,4,45,深位,224340.0,224428.74461538458,224443.0215384615,103.02153846150031,否
IN0163,B6T0000000476,E3,5,9,16,8,浅位,231000.0,231000.0,231014.35692307694,14.356923076935345,否
IN0163,B6T0000000476,E3,5,9,16,8,深位,231000.0,231022.71384615384,231037.07076923078,37.07076923077693,否
IN0351,B6T0000001087,E3,5,10,16,8,浅位,231060.0,231060.0,231074.35692307694,14.356923076935345,否
IN0351,B6T0000001087,E3,5,10,16,8,深位,231060.0,231082.71384615384,231097.07076923078,37.07076923077693,否
IN0351,B6T0000001087,E3,5,10,12,29,浅位,231060.0,231105.42769230768,231120.68307692307,60.683076923072804,否
IN0172,B6T0000000501,E3,5,10,12,29,深位,232080.0,232080.0,232095.2553846154,15.25538461538963,否
IN0172,B6T0000000501,E3,5,9,13,29,浅位,232080.0,232104.51076923078,232120.38153846154,40.38153846154455,否
IN0172,B6T0000000501,E3,5,9,13,29,深位,232080.0,232130.2523076923,232146.12307692308,66.12307692307513,否
IN0172,B6T0000000501,E3,5,10,13,29,浅位,232080.0,232155.99384615384,232171.8646153846,91.86461538460571,否
IN0135,B6T0000000403,E3,5,10,13,29,深位,232440.0,232440.0,232455.87076923077,15.87076923076529,否
IN0135,B6T0000000403,E3,5,9,21,3,浅位,232440.0,232465.74153846153,232482.37538461538,42.375384615384974,否
IN0135,B6T0000000403,E3,5,9,21,6,浅位,232440.0,232493.0092307692,232510.12307692305,70.12307692304603,否
IN0135,B6T0000000403,E3,5,9,21,6,深位,232440.0,232521.2369230769,232538.35076923075,98.35076923074666,否
IN0135,B6T0000000403,E3,5,10,21,6,浅位,232440.0,232549.4646153846,232566.57846153845,126.5784615384473,否
IN0135,B6T0000000403,E3,5,10,21,6,深位,232440.0,232577.6923076923,232594.80615384615,154.80615384614794,否
IN0135,B6T0000000403,E3,5,10,20,12,浅位,232440.0,232605.92,232623.37846153846,183.37846153846476,否
IN0135,B6T0000000403,E3,5,10,20,12,深位,232440.0,232634.83692307695,232652.2953846154,212.29538461539778,否
IN0135,B6T0000000403,E3,5,9,20,13,浅位,232440.0,232663.75384615388,232681.37230769233,241.3723076923343,否
IN0135,B6T0000000403,E3,5,9,20,13,深位,232440.0,232692.9907692308,232710.60923076925,270.6092307692452,否
IN0135,B6T0000000403,E3,5,9,10,65,深位,232440.0,232722.2276923077,232742.01230769232,302.01230769231915,否
IN0135,B6T0000000403,E3,5,10,10,65,浅位,232440.0,232755.79692307694,232775.58153846156,335.5815384615562,否
IN0298,B6T0000000893,E3,5,10,10,65,深位,257700.0,257700.0,257719.78461538462,19.78461538461852,否
IN0298,B6T0000000893,E3,5,9,11,62,浅位,257700.0,257733.56923076924,257753.48923076925,53.48923076924984,否
IN0298,B6T0000000893,E3,5,9,11,62,深位,257700.0,257767.40923076923,257787.32923076925,87.32923076924635,否
IN0327,B6T0000000995,E3,5,10,11,62,浅位,258600.0,258600.0,258619.92,19.920000000012806,否
IN0327,B6T0000000995,E3,5,10,11,62,深位,258600.0,258633.84,258653.76,53.76000000000931,否
IN0395,B6T0000001197,E3,5,9,10,66,浅位,258720.0,258720.0,258739.94461538462,19.94461538462201,否
IN0395,B6T0000001197,E3,5,9,10,66,深位,258720.0,258753.88923076924,258773.83384615387,53.833846153866034,否
IN0395,B6T0000001197,E3,5,10,10,66,浅位,258720.0,258787.7784615385,258807.7230769231,87.72307692311006,否
IN0395,B6T0000001197,E3,5,10,10,66,深位,258720.0,258821.66769230773,258841.61230769235,121.61230769235408,否
IN0395,B6T0000001197,E3,5,9,11,63,浅位,258720.0,258855.55692307698,258875.63692307696,155.63692307696328,否
IN0395,B6T0000001197,E3,5,9,11,63,深位,258720.0,258889.71692307698,258909.79692307697,189.79692307696678,否
IN0395,B6T0000001197,E3,5,10,11,63,浅位,258720.0,258923.87692307698,258943.95692307697,223.95692307697027,是
IN0395,B6T0000001197,E3,5,10,10,10,浅位,258720.0,258964.036923077,258975.0215384616,255.02153846158762,是
IN0395,B6T0000001197,E3,5,10,10,10,深位,258720.0,258986.00615384622,258996.99076923082,276.99076923081884,是
IN0395,B6T0000001197,E3,5,9,18,18,浅位,258720.0,259020.3815384616,259037.5692307693,317.56923076929525,是
IN0395,B6T0000001197,E3,5,9,18,18,深位,258720.0,259054.756923077,259071.94461538468,351.9446153846802,是
IN0395,B6T0000001197,E3,5,10,18,18,浅位,258720.0,259089.13230769237,259106.32000000007,386.3200000000652,是
IN0395,B6T0000001197,E3,5,10,18,18,深位,258720.0,259123.50769230776,259140.69538461545,420.69538461545017,否
IN0395,B6T0000001197,E3,5,10,11,63,深位,258720.0,259151.88307692314,259171.96307692313,451.96307692312985,否
IN0395,B6T0000001197,E3,5,9,10,67,浅位,258720.0,259186.04307692315,259206.14769230777,486.14769230777165,否
IN0395,B6T0000001197,E3,5,9,10,67,深位,258720.0,259220.25230769237,259240.356923077,520.3569230769936,否
IN0395,B6T0000001197,E3,5,10,10,67,浅位,258720.0,259254.4615384616,259274.56615384622,554.5661538462155,否
IN0395,B6T0000001197,E3,5,10,10,67,深位,258720.0,259288.6707692308,259308.77538461544,588.7753846154374,否
IN0395,B6T0000001197,E3,5,9,14,52,深位,258720.0,259322.88000000003,259343.0461538462,623.0461538461968,否
IN0395,B6T0000001197,E3,5,10,14,52,浅位,258720.0,259357.21230769233,259377.3784615385,657.3784615384939,否
IN0395,B6T0000001197,E3,5,10,14,52,深位,258720.0,259391.54461538463,259411.7107692308,691.7107692307909,否
IN0395,B6T0000001197,E3,5,9,12,60,浅位,258720.0,259425.87692307692,259446.0923076923,726.0923076923063,否
IN0395,B6T0000001197,E3,5,9,12,60,深位,258720.0,259460.3076923077,259480.52307692307,760.5230769230693,否
IN0395,B6T0000001197,E3,5,10,12,60,浅位,258720.0,259494.73846153845,259514.95384615383,794.9538461538323,否
IN0395,B6T0000001197,E3,5,10,12,60,深位,258720.0,259529.1692307692,259549.3846153846,829.3846153845952,是
IN0395,B6T0000001197,E3,5,10,14,2,深位,258720.0,259572.0615384615,259584.22769230767,864.2276923076715,是
IN0395,B6T0000001197,E3,5,9,16,8,浅位,258720.0,259600.77538461535,259615.13230769229,895.1323076922854,是
IN0395,B6T0000001197,E3,5,9,16,8,深位,258720.0,259629.4892307692,259643.84615384613,923.846153846127,否
IN0395,B6T0000001197,E3,5,9,11,64,浅位,258720.0,259652.20307692303,259672.44307692302,952.4430769230239,否
IN0395,B6T0000001197,E3,5,9,11,64,深位,258720.0,259686.68307692304,259706.92307692303,986.9230769230344,否
IN0395,B6T0000001197,E3,5,10,11,64,浅位,258720.0,259721.16307692305,259741.40307692304,1021.4030769230449,否
IN0395,B6T0000001197,E3,5,10,11,64,深位,258720.0,259755.64307692306,259775.88307692306,1055.8830769230553,否
IN0395,B6T0000001197,E3,5,9,10,68,浅位,258720.0,259790.12307692308,259810.3876923077,1090.3876923077041,否
IN0395,B6T0000001197,E3,5,9,10,68,深位,258720.0,259824.6523076923,259844.91692307693,1124.916923076933,否
IN0395,B6T0000001197,E3,5,10,10,68,浅位,258720.0,259859.18153846153,259879.44615384616,1159.446153846162,否
IN0395,B6T0000001197,E3,5,10,10,68,深位,258720.0,259893.71076923076,259913.9753846154,1193.9753846153908,是
IN0395,B6T0000001197,E3,5,10,16,45,深位,258720.0,259934.24,259954.5169230769,1234.5169230769097,是
IN0395,B6T0000001197,E3,5,9,12,61,浅位,258720.0,259974.79384615383,259995.1692307692,1275.1692307692138,是
IN0395,B6T0000001197,E3,5,9,12,61,深位,258720.0,260015.5446153846,260035.91999999998,1315.9199999999837,是
IN0395,B6T0000001197,E3,5,10,12,61,浅位,258720.0,260056.29538461537,260076.67076923075,1356.6707692307536,是
IN0395,B6T0000001197,E3,5,10,12,61,深位,258720.0,260097.04615384614,260117.42153846152,1397.4215384615236,是
IN0395,B6T0000001197,E3,5,10,25,11,深位,258720.0,260137.7969230769,260158.1723076923,1438.1723076922935,否
IN0395,B6T0000001197,E3,5,9,11,65,浅位,258720.0,260172.54769230768,260192.94769230767,1472.9476923076727,否
IN0060,B6T0000000163,E4,5,10,43,31,浅位,259320.0,260207.34769230767,260242.0769230769,922.0769230769074,否
IN0060,B6T0000000163,E4,5,10,43,31,深位,259320.0,260270.80615384612,260305.53538461536,985.5353846153594,否
IN0060,B6T0000000163,E4,5,10,43,50,深位,259320.0,260334.26461538457,260372.0338461538,1052.0338461537904,否
IN0060,B6T0000000163,E4,5,10,48,26,深位,259320.0,260403.80307692304,260441.57846153842,1121.5784615384182,否
IN0464,B6T0000001396,E1,5,9,2,5,深位,262260.0,262260.0,262267.26153846155,7.261538461549208,否
IN0464,B6T0000001396,E1,5,9,4,2,浅位,262260.0,262268.5230769231,262275.92000000004,15.92000000004191,否
IN0464,B6T0000001396,E1,5,9,4,2,深位,262260.0,262277.3169230769,262284.71384615387,24.71384615387069,否
IN0464,B6T0000001396,E1,5,10,4,2,浅位,262260.0,262286.11076923076,262293.5076923077,33.50769230769947,否
IN0400,B6T0000001217,E3,5,10,9,4,深位,263280.0,263280.0,263289.4092307692,9.409230769204441,否
IN0400,B6T0000001217,E3,5,9,9,20,浅位,263280.0,263292.81846153847,263304.78769230767,24.787692307669204,否
IN0400,B6T0000001217,E3,5,9,9,20,深位,263280.0,263310.75692307693,263322.72615384613,42.72615384613164,否
IN0400,B6T0000001217,E3,5,10,16,34,浅位,263280.0,263328.6953846154,263347.21230769233,67.2123076923308,否
IN0400,B6T0000001217,E3,5,10,16,34,深位,263280.0,263359.7292307692,263378.24615384615,98.24615384615026,否
IN0400,B6T0000001217,E3,5,9,11,65,深位,263280.0,263390.76307692303,263411.16307692305,131.16307692305418,否
IN0400,B6T0000001217,E3,5,10,11,65,浅位,263280.0,263425.563076923,263445.96307692304,165.96307692304254,否
IN0230,B6T0000000672,E3,5,9,14,2,浅位,274560.0,274560.0,274572.16615384613,12.166153846133966,否
IN0230,B6T0000000672,E3,5,9,14,2,深位,274560.0,274578.3323076923,274590.49846153846,30.498461538460106,否
IN0317,B6T0000000952,E3,5,10,14,2,浅位,275160.0,275160.0,275172.16615384613,12.166153846133966,否
IN0317,B6T0000000952,E3,5,9,24,3,浅位,275160.0,275178.3323076923,275196.8123076923,36.81230769230751,否
IN0492,B6T0000001478,E1,5,10,4,2,深位,278400.0,278400.0,278407.39692307694,7.396923076943494,否
IN0492,B6T0000001478,E1,5,9,2,6,深位,278400.0,278408.7938461538,278416.21538461535,16.215384615352377,否
IN0492,B6T0000001478,E1,5,10,2,15,浅位,278400.0,278417.63692307693,278426.49846153846,26.498461538460106,否
IN0492,B6T0000001478,E1,5,10,2,15,深位,278400.0,278429.36,278438.2215384615,38.221538461511955,否
IN0492,B6T0000001478,E1,5,10,2,49,深位,278400.0,278441.08307692304,278455.38461538457,55.38461538456613,否
IN0492,B6T0000001478,E1,5,9,1,51,深位,278400.0,278463.6861538461,278477.99999999994,77.99999999994179,否
IN0492,B6T0000001478,E1,5,9,8,40,浅位,278400.0,278486.3138461538,278501.0215384615,101.02153846150031,否
IN0492,B6T0000001478,E1,5,9,8,40,深位,278400.0,278509.72923076915,278524.43692307686,124.43692307686433,否
IN0492,B6T0000001478,E1,5,9,6,46,深位,278400.0,278533.1446153845,278548.1969230768,148.19692307681544,否
IN0088,B6T0000000245,E4,5,10,43,3,浅位,279420.0,279420.0,279450.24923076923,30.249230769230053,否
IN0088,B6T0000000245,E4,5,10,43,3,深位,279420.0,279474.49846153846,279504.7476923077,84.74769230769016,否
IN0088,B6T0000000245,E4,5,9,44,27,浅位,279420.0,279528.9969230769,279563.85538461537,143.85538461536635,否
IN0088,B6T0000000245,E4,5,10,43,38,浅位,279420.0,279592.71384615387,279628.5630769231,208.56307692307746,否
IN0088,B6T0000000245,E4,5,10,43,38,深位,279420.0,279658.41230769234,279694.26153846155,274.2615384615492,否
IN0088,B6T0000000245,E4,5,9,43,51,浅位,279420.0,279724.1107692308,279762.04000000004,342.04000000003725,否
IN0088,B6T0000000245,E4,5,9,43,51,深位,279420.0,279793.96923076926,279831.8984615385,411.8984615384834,否
IN0088,B6T0000000245,E4,5,10,43,51,浅位,279420.0,279863.8276923077,279901.75692307693,481.7569230769295,否
IN0088,B6T0000000245,E4,5,10,43,51,深位,279420.0,279933.68615384615,279971.6153846154,551.6153846153757,否
IN0088,B6T0000000245,E4,5,9,44,47,浅位,279420.0,280003.5446153846,280041.60307692306,621.6030769230565,否
IN0088,B6T0000000245,E4,5,9,44,47,深位,279420.0,280073.6615384615,280111.72,691.7199999999721,否
IN0088,B6T0000000245,E4,5,10,44,47,浅位,279420.0,280143.77846153843,280181.8369230769,761.8369230768876,否
IN0088,B6T0000000245,E4,5,10,44,47,深位,279420.0,280213.89538461535,280251.9538461538,831.9538461538032,否
IN0088,B6T0000000245,E4,5,9,43,52,浅位,279420.0,280284.01230769226,280322.1015384615,902.1015384615166,否
IN0088,B6T0000000245,E4,5,9,43,52,深位,279420.0,280354.1907692307,280392.27999999997,972.2799999999697,否
IN0088,B6T0000000245,E4,5,10,43,52,浅位,279420.0,280424.36923076917,280462.4584615384,1042.4584615384229,否
IN0088,B6T0000000245,E4,5,10,43,52,深位,279420.0,280494.5476923076,280532.6369230769,1112.636923076876,否
IN0088,B6T0000000245,E4,5,9,44,48,浅位,279420.0,280564.7261538461,280602.94461538456,1182.9446153845638,否
IN0088,B6T0000000245,E4,5,9,44,48,深位,279420.0,280635.163076923,280673.3815384615,1253.3815384614863,否
IN0088,B6T0000000245,E4,5,10,44,48,浅位,279420.0,280705.5999999999,280743.8184615384,1323.8184615384089,否
IN0088,B6T0000000245,E4,5,10,44,48,深位,279420.0,280776.03692307684,280814.25538461533,1394.2553846153314,否
IN0088,B6T0000000245,E4,5,9,43,53,浅位,279420.0,280846.47384615376,280884.723076923,1464.7230769229936,否
IN0088,B6T0000000245,E4,5,9,43,53,深位,279420.0,280916.9723076922,280955.22153846145,1535.2215384614537,否
IN0518,B6T0000001548,E1,5,9,2,2,浅位,284340.0,284340.0,284346.7815384615,6.781538461509626,否
IN0518,B6T0000001548,E1,5,9,2,2,深位,284340.0,284347.5630769231,284354.3446153846,14.344615384587087,否
IN0645,B6T0000001950,E1,5,10,2,2,浅位,284880.0,284880.0,284886.7815384615,6.781538461509626,否
IN0645,B6T0000001950,E1,5,10,2,2,深位,284880.0,284887.5630769231,284894.3446153846,14.344615384587087,否
IN0384,B6T0000001169,E3,5,9,16,3,浅位,295680.0,295680.0,295693.5569230769,13.556923076917883,否
IN0384,B6T0000001169,E3,5,9,16,3,深位,295680.0,295701.11384615384,295714.67076923075,34.67076923075365,否
IN0379,B6T0000001153,E3,5,10,16,3,浅位,296940.0,296940.0,296953.5569230769,13.556923076917883,否
IN0379,B6T0000001153,E3,5,9,24,3,深位,296940.0,296961.11384615384,296979.5938461538,39.59384615381714,否
IN0379,B6T0000001153,E3,5,9,11,61,浅位,296940.0,296992.07384615386,297011.83384615387,71.83384615386603,否
IN0379,B6T0000001153,E3,5,9,11,61,深位,296940.0,297025.5938461539,297045.3538461539,105.35384615388466,是
IN0379,B6T0000001153,E3,5,10,11,65,深位,296940.0,297065.1138461539,297085.5138461539,145.51384615391726,是
IN0379,B6T0000001153,E3,5,9,12,62,浅位,296940.0,297105.9138461539,297126.44923076924,186.4492307692417,是
IN0507,B6T0000001525,E1,5,9,2,4,浅位,301860.0,301913.4769230769,301920.5784615384,60.578461538418196,是
IN0507,B6T0000001525,E1,5,9,2,4,深位,301860.0,301976.21538461535,301983.31692307687,123.31692307686899,是
IN0507,B6T0000001525,E1,5,10,2,4,浅位,301860.0,302038.9538461538,302046.0553846153,186.05538461531978,否
IN0617,B6T0000001826,E1,5,10,2,4,深位,303240.0,303240.0,303247.1015384615,7.101538461516611,否
IN0617,B6T0000001826,E1,5,9,1,16,浅位,303240.0,303248.2030769231,303256.91692307696,16.91692307696212,否
IN0617,B6T0000001826,E1,5,10,7,5,浅位,303240.0,303259.6307692308,303268.43076923076,28.430769230762962,否
IN0048,B6T0000000139,E4,5,10,43,3,浅位,310080.0,310080.0,310110.24923076923,30.249230769230053,否
IN0048,B6T0000000139,E4,5,10,43,3,深位,310080.0,310134.49846153846,310164.7476923077,84.74769230769016,是
IN0048,B6T0000000139,E4,5,9,43,10,浅位,310080.0,310196.27692307695,310227.6461538462,147.64615384617355,是
IN0048,B6T0000000139,E4,5,9,43,10,深位,310080.0,310259.0153846154,310290.3846153846,210.38461538462434,是
IN0048,B6T0000000139,E4,5,10,43,10,浅位,310080.0,310321.75384615385,310353.1230769231,273.12307692307513,是
IN0048,B6T0000000139,E4,5,10,43,10,深位,310080.0,310384.4923076923,310415.8615384615,335.8615384615259,否
IN0048,B6T0000000139,E4,5,9,45,1,浅位,310080.0,310441.23076923075,310472.6984615385,392.69846153847175,否
IN0048,B6T0000000139,E4,5,9,45,1,深位,310080.0,310498.16615384613,310529.63384615385,449.6338461538544,否
IN0048,B6T0000000139,E4,5,10,45,1,浅位,310080.0,310555.1015384615,310586.56923076924,506.56923076923704,否
IN0048,B6T0000000139,E4,5,10,45,1,深位,310080.0,310612.0369230769,310643.5046153846,563.5046153846197,否
IN0048,B6T0000000139,E4,5,9,45,5,浅位,310080.0,310668.9723076923,310701.07999999996,621.0799999999581,否
IN0048,B6T0000000139,E4,5,9,45,6,浅位,310080.0,310727.1876923077,310759.4553846154,679.4553846154013,否
IN0048,B6T0000000139,E4,5,9,45,6,深位,310080.0,310785.72307692305,310817.99076923076,737.9907692307606,否
IN0048,B6T0000000139,E4,5,10,45,6,浅位,310080.0,310844.2584615384,310876.5261538461,796.52615384612,否
IN0048,B6T0000000139,E4,5,10,45,6,深位,310080.0,310902.79384615377,310935.0615384615,855.0615384614794,否
IN0048,B6T0000000139,E4,5,10,43,35,浅位,310080.0,310961.32923076913,310996.69846153836,916.6984615383553,否
IN0048,B6T0000000139,E4,5,10,43,35,深位,310080.0,311026.0676923076,311061.4369230768,981.4369230768061,否
IN0048,B6T0000000139,E4,5,10,43,53,浅位,310080.0,311090.80615384603,311129.05538461526,1049.0553846152616,否
IN0048,B6T0000000139,E4,5,10,43,53,深位,310080.0,311161.3046153845,311199.5538461537,1119.5538461537217,否
IN0048,B6T0000000139,E4,5,9,44,49,浅位,310080.0,311231.80307692295,311270.1815384614,1190.1815384614165,否
IN0048,B6T0000000139,E4,5,9,44,49,深位,310080.0,311302.5599999999,311340.93846153835,1260.938461538346,否
IN0048,B6T0000000139,E4,5,10,44,49,浅位,310080.0,311373.3169230768,311411.6953846153,1331.6953846152755,否
IN0048,B6T0000000139,E4,5,10,44,49,深位,310080.0,311444.07384615374,311482.4523076922,1402.452307692205,否
IN0048,B6T0000000139,E4,5,9,43,54,浅位,310080.0,311514.83076923067,311553.2399999999,1473.2399999998743,否
IN0048,B6T0000000139,E4,5,9,43,54,深位,310080.0,311585.64923076914,311624.05846153834,1544.0584615383414,否
IN0048,B6T0000000139,E4,5,10,43,54,浅位,310080.0,311656.4676923076,311694.8769230768,1614.8769230768085,否
IN0048,B6T0000000139,E4,5,10,43,54,深位,310080.0,311727.2861538461,311765.6953846153,1685.6953846152755,是
IN0048,B6T0000000139,E4,5,9,44,50,浅位,310080.0,311804.10461538454,311842.643076923,1762.6430769229773,是
IN0048,B6T0000000139,E4,5,9,44,50,深位,310080.0,311881.1815384615,311919.7199999999,1839.7199999999139,是
IN0048,B6T0000000139,E4,5,10,44,50,浅位,310080.0,311958.2584615384,311996.79692307685,1916.7969230768504,是
IN0322,B6T0000000969,E3,5,9,9,9,浅位,315960.0,315960.0,315970.20923076925,10.209230769251008,否
IN0322,B6T0000000969,E3,5,9,9,9,深位,315960.0,315974.41846153844,315984.6276923077,24.627692307694815,否
IN0322,B6T0000000969,E3,5,10,9,9,浅位,315960.0,315988.8369230769,315999.04615384614,39.04615384613862,否
IN0404,B6T0000001226,E3,5,10,9,9,深位,316500.0,316500.0,316510.20923076925,10.209230769251008,否
IN0404,B6T0000001226,E3,5,9,10,8,浅位,316500.0,316514.41846153844,316525.08307692304,25.08307692303788,否
IN0404,B6T0000001226,E3,5,9,9,12,浅位,316500.0,316529.7476923077,316540.4369230769,40.43692307692254,否
IN0404,B6T0000001226,E3,5,9,9,12,深位,316500.0,316545.12615384615,316555.8153846154,55.8153846153873,否
IN0365,B6T0000001122,E3,5,10,9,12,浅位,341940.0,341940.0,341950.68923076923,10.689230769232381,否
IN0365,B6T0000001122,E3,5,10,9,12,深位,341940.0,341955.37846153846,341966.0676923077,26.067692307697143,否
IN0365,B6T0000001122,E3,5,9,9,16,浅位,341940.0,341970.75692307693,341982.0861538462,42.086153846175876,否
IN0365,B6T0000001122,E3,5,9,12,7,浅位,341940.0,341987.41538461536,341999.15076923074,59.15076923073502,否
IN0365,B6T0000001122,E3,5,9,12,7,深位,341940.0,342004.8861538461,342016.6215384615,76.62153846147703,否
IN0365,B6T0000001122,E3,5,10,12,7,浅位,341940.0,342022.35692307685,342034.0923076922,94.09230769221904,否
IN0365,B6T0000001122,E3,5,10,12,7,深位,341940.0,342039.8276923076,342051.56307692296,111.56307692296105,否
IN0365,B6T0000001122,E3,5,9,13,5,浅位,341940.0,342057.29846153833,342069.32923076913,129.32923076912994,否
IN0365,B6T0000001122,E3,5,9,13,5,深位,341940.0,342075.35999999987,342087.39076923067,147.3907692306675,否
IN0365,B6T0000001122,E3,5,10,13,5,浅位,341940.0,342093.4215384614,342105.4523076922,165.45230769220507,否
IN0365,B6T0000001122,E3,5,10,13,5,深位,341940.0,342111.48307692294,342123.51384615374,183.51384615374263,否
IN0365,B6T0000001122,E3,5,9,16,1,浅位,341940.0,342129.5446153845,342142.7815384614,202.7815384613932,否
IN0529,B6T0000001574,E1,5,10,5,8,浅位,343560.0,343560.0,343568.6646153846,8.664615384594072,否
IN0529,B6T0000001574,E1,5,10,5,8,深位,343560.0,343571.32923076925,343579.99384615384,19.993846153840423,否
IN0529,B6T0000001574,E1,5,10,7,5,深位,343560.0,343582.6584615385,343591.4584615385,31.45846153848106,否
IN0559,B6T0000001659,E1,5,9,6,7,浅位,343800.0,343800.0,343808.8123076923,8.812307692307513,否
IN0559,B6T0000001659,E1,5,9,6,7,深位,343800.0,343811.6246153846,343820.4369230769,20.43692307692254,否
IN0559,B6T0000001659,E1,5,10,6,7,浅位,343800.0,343823.24923076923,343832.06153846154,32.061538461537566,否
IN0559,B6T0000001659,E1,5,10,6,7,深位,343800.0,343834.87384615385,343843.68615384615,43.68615384615259,否
IN0532,B6T0000001579,E1,5,9,4,11,浅位,343860.0,343860.0,343868.83692307695,8.836923076945823,否
IN0532,B6T0000001579,E1,5,9,4,11,深位,343860.0,343871.67384615383,343880.5107692308,20.51076923077926,否
IN0532,B6T0000001579,E1,5,10,4,11,浅位,343860.0,343883.34769230767,343892.1846153846,32.1846153846127,否
IN0532,B6T0000001579,E1,5,10,4,11,深位,343860.0,343895.0215384615,343903.85846153845,43.858461538446136,否
IN0325,B6T0000000985,E3,5,9,13,16,浅位,343860.0,343906.69538461533,343920.4861538461,60.48615384608274,否
IN0325,B6T0000000985,E3,5,9,13,16,深位,343860.0,343928.2769230769,343942.06769230764,82.06769230763894,否
IN0325,B6T0000000985,E3,5,10,13,16,浅位,343860.0,343949.85846153845,343963.6492307692,103.64923076919513,否
IN0184,B6T0000000539,E3,5,10,13,16,深位,343860.0,343971.44,343985.23076923075,125.23076923075132,否
IN0184,B6T0000000539,E3,5,9,18,2,浅位,343860.0,343993.02153846156,344007.64923076925,147.64923076925334,否
IN0235,B6T0000000686,E3,5,9,18,2,深位,343920.0,344016.27692307695,344030.90461538464,110.90461538464297,否
IN0235,B6T0000000686,E3,5,10,18,2,浅位,343920.0,344039.53230769234,344054.16000000003,134.1600000000326,否
IN0235,B6T0000000686,E3,5,10,18,2,深位,343920.0,344062.7876923077,344077.4153846154,157.41538461542223,否
IN0235,B6T0000000686,E3,5,10,13,24,浅位,343920.0,344086.0430769231,344101.1138461539,181.11384615389397,否
IN0235,B6T0000000686,E3,5,10,13,24,深位,343920.0,344110.1846153847,344125.25538461545,205.25538461544784,否
IN0275,B6T0000000826,E3,5,9,12,62,深位,344820.0,344820.0,344840.53538461536,20.535384615359362,否
IN0275,B6T0000000826,E3,5,10,12,62,浅位,344820.0,344855.0707692308,344875.60615384614,55.606153846136294,否
IN0275,B6T0000000826,E3,5,10,12,62,深位,344820.0,344890.14153846155,344910.6769230769,90.67692307691323,否
IN0320,B6T0000000963,E3,5,9,11,66,浅位,345120.0,345120.0,345140.56,20.55999999999767,否
IN0320,B6T0000000963,E3,5,9,11,66,深位,345120.0,345155.12,345175.68,55.679999999993015,否
IN0320,B6T0000000963,E3,5,10,11,66,浅位,345120.0,345190.24,345210.8,90.79999999998836,否
IN0215,B6T0000000625,E3,5,9,9,4,浅位,346980.0,347008.1292307692,347017.5384615384,37.53846153838094,是
IN0215,B6T0000000625,E3,5,9,9,4,深位,346980.0,347052.57230769226,347061.98153846146,81.98153846146306,否
IN0215,B6T0000000625,E3,5,10,9,4,浅位,346980.0,347065.3907692307,347074.79999999993,94.79999999993015,否
IN0413,B6T0000001260,E3,5,10,10,10,浅位,348240.0,348240.0,348250.9846153846,10.984615384601057,否
IN0413,B6T0000001260,E3,5,10,10,10,深位,348240.0,348255.9692307692,348266.9538461538,26.95384615380317,否
IN0413,B6T0000001260,E3,5,10,14,2,深位,348240.0,348271.9384615384,348284.10461538454,44.10461538453819,否
IN0025,B6T0000000079,E4,5,9,43,3,浅位,350520.0,350520.0,350550.24923076923,30.249230769230053,否
IN0025,B6T0000000079,E4,5,9,43,3,深位,350520.0,350574.49846153846,350604.7476923077,84.74769230769016,否
IN0025,B6T0000000079,E4,5,9,44,1,浅位,350520.0,350628.9969230769,350659.6953846154,139.69538461539196,否
IN0291,B6T0000000875,E3,5,9,12,10,浅位,354420.0,354420.0,354432.2153846154,12.215384615410585,否
IN0291,B6T0000000875,E3,5,9,12,10,深位,354420.0,354438.43076923076,354450.6461538462,30.646153846173547,否
IN0332,B6T0000001025,E3,5,10,12,10,浅位,354600.0,354600.0,354612.2153846154,12.215384615410585,否
IN0332,B6T0000001025,E3,5,10,12,10,深位,354600.0,354618.43076923076,354630.6461538462,30.646153846173547,否
IN0332,B6T0000001025,E3,5,9,14,5,浅位,354600.0,354636.8615384615,354649.5076923077,49.50769230769947,否
IN0332,B6T0000001025,E3,5,9,14,5,深位,354600.0,354656.1538461538,354668.8,68.79999999998836,否
IN0039,B6T0000000117,E4,5,9,43,3,浅位,355440.0,355440.0,355470.24923076923,30.249230769230053,否
IN0039,B6T0000000117,E4,5,9,43,3,深位,355440.0,355494.49846153846,355524.7476923077,84.74769230769016,否
IN0039,B6T0000000117,E4,5,9,44,1,深位,355440.0,355548.9969230769,355579.6953846154,139.69538461539196,否
IN0462,B6T0000001391,E1,5,9,5,2,浅位,358320.0,358320.0,358327.70461538463,7.704615384631325,否
IN0462,B6T0000001391,E1,5,9,5,2,深位,358320.0,358329.4092307692,358337.11384615384,17.113846153835766,否
IN0273,B6T0000000821,E3,5,10,14,5,浅位,358440.0,358440.0,358452.6461538462,12.646153846173547,否
IN0273,B6T0000000821,E3,5,10,14,5,深位,358440.0,358459.2923076923,358471.93846153846,31.938461538462434,否
IN0273,B6T0000000821,E3,5,9,13,16,浅位,358440.0,358478.5846153846,358492.3753846153,52.375384615326766,否
IN0301,B6T0000000905,E3,5,9,13,16,深位,360600.0,360600.0,360613.79076923075,13.790769230748992,否
IN0301,B6T0000000905,E3,5,10,13,16,浅位,360600.0,360621.58153846156,360635.3723076923,35.372307692305185,否
IN0301,B6T0000000905,E3,5,10,9,66,浅位,360600.0,360643.1630769231,360662.49230769236,62.492307692358736,否
IN0301,B6T0000000905,E3,5,10,9,66,深位,360600.0,360675.82153846155,360695.1507692308,95.15076923079323,否
IN0301,B6T0000000905,E3,5,10,11,66,深位,360600.0,360708.48,360729.04,129.03999999997905,否
IN0301,B6T0000000905,E3,5,9,13,59,浅位,360600.0,360743.6,360764.27076923073,164.27076923073037,否
IN0301,B6T0000000905,E3,5,9,13,59,深位,360600.0,360778.94153846154,360799.6123076923,199.61230769229587,否
IN0301,B6T0000000905,E3,5,10,13,59,浅位,360600.0,360814.2830769231,360834.95384615386,234.95384615386138,否
IN0301,B6T0000000905,E3,5,10,13,59,深位,360600.0,360849.6246153847,360870.2953846154,270.2953846154269,否
IN0301,B6T0000000905,E3,5,9,12,63,浅位,360600.0,360884.96615384624,360905.66153846163,305.6615384616307,否
IN0301,B6T0000000905,E3,5,9,12,63,深位,360600.0,360920.356923077,360941.0523076924,341.0523076924146,否
IN0301,B6T0000000905,E3,5,10,12,63,浅位,360600.0,360955.7476923078,360976.4430769232,376.44307692319853,否
IN0301,B6T0000000905,E3,5,10,12,63,深位,360600.0,360991.1384615386,361011.833846154,411.83384615398245,否
IN0301,B6T0000000905,E3,5,9,11,67,浅位,360600.0,361026.5292307694,361047.24923076935,447.24923076934647,否
IN0301,B6T0000000905,E3,5,9,11,67,深位,360600.0,361061.9692307694,361082.68923076935,482.6892307693488,否
IN0301,B6T0000000905,E3,5,10,11,67,浅位,360600.0,361097.4092307694,361118.12923076935,518.1292307693511,否
IN0301,B6T0000000905,E3,5,10,11,67,深位,360600.0,361132.8492307694,361153.56923076935,553.5692307693535,否
IN0301,B6T0000000905,E3,5,9,13,60,浅位,360600.0,361168.2892307694,361189.12000000017,589.12000000017,否
IN0433,B6T0000001313,E3,5,9,13,60,深位,367320.0,367320.0,367340.8307692308,20.830769230786245,否
IN0433,B6T0000001313,E3,5,10,13,60,浅位,367320.0,367355.6615384615,367376.4923076923,56.49230769230053,否
IN0433,B6T0000001313,E3,5,10,13,60,深位,367320.0,367391.323076923,367412.1538461538,92.15384615381481,否
IN0433,B6T0000001313,E3,5,9,12,64,浅位,367320.0,367426.98461538454,367447.8399999999,127.8399999999092,否
IN0433,B6T0000001313,E3,5,9,12,64,深位,367320.0,367462.69538461533,367483.5507692307,163.5507692307001,否
IN0433,B6T0000001313,E3,5,10,12,64,浅位,367320.0,367498.4061538461,367519.2615384615,199.261538461491,否
IN0433,B6T0000001313,E3,5,10,12,64,深位,367320.0,367534.1169230769,367554.9723076923,234.9723076922819,否
IN0433,B6T0000001313,E3,5,9,11,68,浅位,367320.0,367569.8276923077,367590.7076923077,270.7076923077111,否
IN0433,B6T0000001313,E3,5,9,11,68,深位,367320.0,367605.5876923077,367626.4676923077,306.4676923077204,否
IN0433,B6T0000001313,E3,5,10,11,68,浅位,367320.0,367641.3476923077,367662.22769230773,342.22769230772974,否
IN0433,B6T0000001313,E3,5,10,11,68,深位,367320.0,367677.10769230773,367697.98769230774,377.98769230773905,否
IN0433,B6T0000001313,E3,5,9,13,61,浅位,367320.0,367712.86769230774,367733.8584615385,413.85846153850434,否
IN0196,B6T0000000570,E3,5,9,13,61,深位,367440.0,367748.84923076926,367769.84,329.8400000000256,否
IN0196,B6T0000000570,E3,5,10,13,61,浅位,367440.0,367784.8307692308,367805.82153846155,365.8215384615469,否
IN0196,B6T0000000570,E3,5,10,13,61,深位,367440.0,367820.8123076923,367841.80307692307,401.80307692306815,否
IN0153,B6T0000000449,E3,5,9,9,4,浅位,372120.0,372120.0,372129.4092307692,9.409230769204441,否
IN0153,B6T0000000449,E3,5,9,9,4,深位,372120.0,372132.81846153847,372142.2276923077,22.227692307671532,否
IN0153,B6T0000000449,E3,5,9,12,65,浅位,372120.0,372145.63692307693,372166.65230769233,46.652307692333125,否
IN0067,B6T0000000189,E4,5,10,44,1,浅位,373260.0,373260.0,373290.6984615385,30.698461538471747,否
IN0067,B6T0000000189,E4,5,10,44,1,深位,373260.0,373315.39692307694,373346.0953846154,86.09538461541524,否
IN0049,B6T0000000140,E4,5,9,43,1,浅位,377340.0,377340.0,377369.9292307692,29.929230769223068,否
IN0049,B6T0000000140,E4,5,9,43,1,深位,377340.0,377393.85846153845,377423.78769230767,83.7876923076692,否
IN0049,B6T0000000140,E4,5,10,43,1,浅位,377340.0,377447.7169230769,377477.6461538461,137.64615384611534,否
IN0049,B6T0000000140,E4,5,10,43,1,深位,377340.0,377501.57538461534,377531.50461538456,191.50461538456148,否
IN0049,B6T0000000140,E4,5,10,45,3,浅位,377340.0,377555.4338461538,377587.22153846145,247.22153846145375,否
IN0049,B6T0000000140,E4,5,10,45,3,深位,377340.0,377613.0092307692,377644.79692307685,304.79692307685036,否
IN0049,B6T0000000140,E4,5,10,43,31,浅位,377340.0,377670.5846153846,377705.3138461538,365.3138461537892,否
IN0049,B6T0000000140,E4,5,10,43,31,深位,377340.0,377734.04307692306,377768.77230769227,428.77230769227026,否
IN0049,B6T0000000140,E4,5,10,44,50,深位,377340.0,377797.50153846154,377836.04,496.03999999997905,否
IN0049,B6T0000000140,E4,5,9,43,55,浅位,377340.0,377868.5784615385,377907.1476923077,567.1476923077134,否
IN0049,B6T0000000140,E4,5,9,43,55,深位,377340.0,377939.71692307695,377978.2861538462,638.2861538461875,否
IN0049,B6T0000000140,E4,5,10,43,55,浅位,377340.0,378010.8553846154,378049.42461538466,709.4246153846616,否
IN0049,B6T0000000140,E4,5,10,43,55,深位,377340.0,378081.9938461539,378120.56307692314,780.5630769231357,否
IN0049,B6T0000000140,E4,5,9,45,46,浅位,377340.0,378153.1323076924,378191.80000000005,851.8000000000466,否
IN0049,B6T0000000140,E4,5,9,45,46,深位,377340.0,378224.4676923078,378263.13538461545,923.1353846154525,否
IN0049,B6T0000000140,E4,5,10,45,46,浅位,377340.0,378295.8030769232,378334.47076923086,994.4707692308584,否
IN0049,B6T0000000140,E4,5,10,45,46,深位,377340.0,378367.1384615386,378405.80615384626,1065.8061538462644,否
IN0049,B6T0000000140,E4,5,9,44,51,浅位,377340.0,378438.473846154,378477.17230769247,1137.1723076924682,是
IN0049,B6T0000000140,E4,5,9,44,51,深位,377340.0,378515.87076923094,378554.5692307694,1214.5692307694117,是
IN0049,B6T0000000140,E4,5,10,44,51,浅位,377340.0,378593.2676923079,378631.96615384636,1291.9661538463552,是
IN0049,B6T0000000140,E4,5,10,44,51,深位,377340.0,378670.6646153848,378709.3630769233,1369.3630769232986,是
IN0049,B6T0000000140,E4,5,9,43,56,浅位,377340.0,378748.06153846177,378786.790769231,1446.7907692309818,否
IN0049,B6T0000000140,E4,5,9,43,56,深位,377340.0,378819.52000000025,378858.24923076946,1518.2492307694629,否
IN0049,B6T0000000140,E4,5,10,43,56,浅位,377340.0,378890.97846153873,378929.70769230794,1589.707692307944,否
IN0049,B6T0000000140,E4,5,10,43,56,深位,377340.0,378962.4369230772,379001.1661538464,1661.166153846425,否
IN0049,B6T0000000140,E4,5,9,48,32,深位,377340.0,379033.8953846157,379072.63076923107,1732.6307692310656,否
IN0049,B6T0000000140,E4,5,9,45,47,浅位,377340.0,379105.36615384644,379144.19384615414,1804.193846154143,否
IN0049,B6T0000000140,E4,5,9,45,47,深位,377340.0,379177.02153846185,379215.84923076956,1875.849230769556,否
IN0049,B6T0000000140,E4,5,10,45,47,浅位,377340.0,379248.67692307726,379287.50461538497,1947.504615384969,否
IN0049,B6T0000000140,E4,5,10,45,47,深位,377340.0,379320.3323076927,379359.1600000004,2019.1600000003818,否
IN0049,B6T0000000140,E4,5,9,44,52,浅位,377340.0,379391.9876923081,379430.84615384653,2090.8461538465344,否
IN0049,B6T0000000140,E4,5,9,44,52,深位,377340.0,379463.70461538504,379502.5630769235,2162.563076923485,否
IN0049,B6T0000000140,E4,5,10,44,52,浅位,377340.0,379535.421538462,379574.28000000044,2234.2800000004354,否
IN0049,B6T0000000140,E4,5,10,44,52,深位,377340.0,379607.13846153894,379645.9969230774,2305.996923077386,否
IN0049,B6T0000000140,E4,5,9,43,57,浅位,377340.0,379678.8553846159,379717.74461538513,2377.7446153851342,否
IN0049,B6T0000000140,E4,5,9,43,57,深位,377340.0,379750.6338461544,379789.5230769236,2449.5230769236223,否
IN0049,B6T0000000140,E4,5,10,43,57,浅位,377340.0,379822.41230769287,379861.3015384621,2521.3015384621103,否
IN0049,B6T0000000140,E4,5,10,43,57,深位,377340.0,379894.19076923135,379933.0800000006,2593.0800000005984,否
IN0049,B6T0000000140,E4,5,9,45,48,浅位,377340.0,379965.96923076984,380004.9569230775,2664.9569230775232,否
IN0049,B6T0000000140,E4,5,9,45,48,深位,377340.0,380037.9446153852,380076.9323076929,2736.932307692885,否
IN0049,B6T0000000140,E4,5,10,45,48,浅位,377340.0,380109.92000000057,380148.90769230825,2808.9076923082466,否
IN0049,B6T0000000140,E4,5,10,45,48,深位,377340.0,380181.8953846159,380220.8830769236,2880.8830769236083,否
IN0049,B6T0000000140,E4,5,9,44,53,浅位,377340.0,380253.8707692313,380292.88923076977,2952.889230769768,否
IN0049,B6T0000000140,E4,5,9,44,53,深位,377340.0,380325.9076923082,380364.92615384667,3024.926153846667,否
IN0049,B6T0000000140,E4,5,10,44,53,浅位,377340.0,380397.9446153851,380436.96307692357,3096.9630769235664,否
IN0049,B6T0000000140,E4,5,10,44,53,深位,377340.0,380469.981538462,380509.00000000047,3169.0000000004657,否
IN0049,B6T0000000140,E4,5,9,43,58,浅位,377340.0,380542.0184615389,380581.0676923081,3241.0676923081046,否
IN0049,B6T0000000140,E4,5,9,43,58,深位,377340.0,380614.1169230773,380653.16615384654,3313.1661538465414,否
IN0049,B6T0000000140,E4,5,10,43,58,浅位,377340.0,380686.21538461576,380725.264615385,3385.2646153849782,否
IN0619,B6T0000001831,E1,5,9,2,7,深位,381960.0,381960.0,381967.58153846156,7.5815384615561925,否
IN0619,B6T0000001831,E1,5,10,6,1,深位,381960.0,381969.16307692305,381977.01538461534,17.015384615340736,否
IN0619,B6T0000001831,E1,5,10,8,2,浅位,381960.0,381978.8676923077,381987.4953846154,27.495384615380317,否
IN0619,B6T0000001831,E1,5,10,8,2,深位,381960.0,381990.1230769231,381998.75076923077,38.75076923076995,否
IN0619,B6T0000001831,E1,5,9,4,11,浅位,381960.0,382001.37846153846,382010.2153846154,50.215384615410585,否
IN0397,B6T0000001205,E3,5,9,15,6,浅位,390000.0,390000.0,390013.4215384615,13.421538461523596,否
IN0397,B6T0000001205,E3,5,9,15,6,深位,390000.0,390020.8430769231,390034.2646153846,34.264615384628996,否
IN0397,B6T0000001205,E3,5,9,12,65,深位,390000.0,390041.6861538462,390062.7015384616,62.70153846160974,否
IN0397,B6T0000001205,E3,5,10,12,65,浅位,390000.0,390077.716923077,390098.7323076924,98.73230769240763,否
IN0397,B6T0000001205,E3,5,10,12,65,深位,390000.0,390113.7476923078,390134.7630769232,134.76307692320552,否
IN0397,B6T0000001205,E3,5,9,14,58,浅位,390000.0,390149.7784615386,390170.90461538476,170.90461538475938,否
IN0397,B6T0000001205,E3,5,9,14,58,深位,390000.0,390186.0307692309,390207.15692307707,207.15692307706922,否
IN0397,B6T0000001205,E3,5,10,14,58,浅位,390000.0,390222.2830769232,390243.4092307694,243.40923076937906,否
IN0397,B6T0000001205,E3,5,10,14,58,深位,390000.0,390258.53538461553,390279.6615384617,279.6615384616889,否
IN0573,B6T0000001701,E1,5,9,4,11,深位,395040.0,395040.0,395048.83692307695,8.836923076945823,否
IN0573,B6T0000001701,E1,5,10,4,11,浅位,395040.0,395051.67384615383,395060.5107692308,20.51076923077926,否
IN0573,B6T0000001701,E1,5,10,5,15,浅位,395040.0,395063.34769230767,395073.13230769226,33.13230769225629,否
IN0573,B6T0000001701,E1,5,10,5,15,深位,395040.0,395076.9169230769,395086.7015384615,46.70153846149333,否
IN0401,B6T0000001218,E3,5,9,13,62,浅位,398640.0,398640.0,398661.1507692308,21.15076923079323,否
IN0401,B6T0000001218,E3,5,9,13,62,深位,398640.0,398676.3015384615,398697.4523076923,57.45230769232148,否
IN0401,B6T0000001218,E3,5,10,13,62,浅位,398640.0,398712.60307692306,398733.75384615385,93.75384615384974,否
IN0401,B6T0000001218,E3,5,10,13,62,深位,398640.0,398748.9046153846,398770.0553846154,130.055384615378,否
IN0401,B6T0000001218,E3,5,9,12,66,浅位,398640.0,398785.2061538461,398806.3815384615,166.38153846148634,否
IN0393,B6T0000001195,E3,5,9,15,4,浅位,405240.0,405240.0,405253.1015384615,13.101538461516611,否
IN0393,B6T0000001195,E3,5,9,15,4,深位,405240.0,405260.2030769231,405273.3046153846,33.30461538460804,否
IN0393,B6T0000001195,E3,5,10,15,4,浅位,405240.0,405280.4061538462,405293.5076923077,53.50769230769947,否
IN0393,B6T0000001195,E3,5,9,12,66,深位,405240.0,405300.6092307693,405321.78461538465,81.78461538464762,否
IN0393,B6T0000001195,E3,5,10,12,66,浅位,405240.0,405336.96,405358.1353846154,118.13538461539429,否
IN0393,B6T0000001195,E3,5,10,12,66,深位,405240.0,405373.31076923077,405394.48615384614,154.48615384614095,否
IN0393,B6T0000001195,E3,5,9,14,59,浅位,405240.0,405409.6615384615,405430.94769230764,190.9476923076436,否
IN0393,B6T0000001195,E3,5,9,14,59,深位,405240.0,405446.23384615383,405467.51999999996,227.51999999996042,否
IN0393,B6T0000001195,E3,5,10,14,59,浅位,405240.0,405482.80615384615,405504.0923076923,264.09230769227725,否
IN0393,B6T0000001195,E3,5,10,14,59,深位,405240.0,405519.37846153846,405540.6646153846,300.6646153845941,否
IN0393,B6T0000001195,E3,5,9,13,63,浅位,405240.0,405555.9507692308,405577.26153846155,337.2615384615492,否
IN0393,B6T0000001195,E3,5,9,13,63,深位,405240.0,405592.5723076923,405613.8830769231,373.88307692308445,否
IN0393,B6T0000001195,E3,5,10,13,63,浅位,405240.0,405629.19384615385,405650.5046153846,410.5046153846197,否
IN0405,B6T0000001232,E3,5,10,13,63,深位,428760.0,428760.0,428781.31076923077,21.31076923076762,否
IN0405,B6T0000001232,E3,5,9,12,67,浅位,428760.0,428796.62153846154,428817.95692307694,57.956923076941166,否
IN0405,B6T0000001232,E3,5,9,12,67,深位,428760.0,428833.2923076923,428854.6276923077,94.62769230769482,否
IN0122,B6T0000000347,E3,5,10,12,67,浅位,428760.0,428869.96307692304,428891.29846153845,131.29846153844846,否
IN0122,B6T0000000347,E3,5,10,12,67,深位,428760.0,428906.6338461538,428927.9692307692,167.9692307692021,否
IN0242,B6T0000000707,E3,5,9,14,60,浅位,429120.0,429120.0,429141.44615384616,21.446153846161906,否
IN0242,B6T0000000707,E3,5,9,14,60,深位,429120.0,429156.8923076923,429178.3384615385,58.33846153848572,否
IN0242,B6T0000000707,E3,5,10,14,60,浅位,429120.0,429193.78461538465,429215.2307692308,95.23076923080953,否
IN0242,B6T0000000707,E3,5,10,14,60,深位,429120.0,429230.676923077,429252.12307692313,132.12307692313334,否
IN0242,B6T0000000707,E3,5,9,13,64,浅位,429120.0,429267.5692307693,429289.04000000004,169.04000000003725,否
IN0242,B6T0000000707,E3,5,9,13,64,深位,429120.0,429304.51076923084,429325.9815384616,205.98153846157948,否
IN0242,B6T0000000707,E3,5,10,13,64,浅位,429120.0,429341.4523076924,429362.9230769231,242.9230769231217,否
IN0242,B6T0000000707,E3,5,10,13,64,深位,429120.0,429378.3938461539,429399.86461538466,279.8646153846639,否
IN0242,B6T0000000707,E3,5,9,12,68,浅位,429120.0,429415.33538461546,429436.83076923084,316.83076923084445,否
IN0242,B6T0000000707,E3,5,9,12,68,深位,429120.0,429452.3261538462,429473.8215384616,353.8215384616051,否
IN0481,B6T0000001449,E1,5,10,6,48,深位,429480.0,429489.316923077,429504.6892307693,24.68923076929059,否
IN0481,B6T0000001449,E1,5,10,3,54,深位,429480.0,429514.0615384616,429529.4707692308,49.470769230800215,否
IN0481,B6T0000001449,E1,5,10,7,47,深位,429480.0,429538.88000000006,429554.4000000001,74.40000000008149,否
IN0481,B6T0000001449,E1,5,9,1,59,浅位,429480.0,429563.92000000004,429579.51384615386,99.51384615385905,否
IN0481,B6T0000001449,E1,5,9,1,59,深位,429480.0,429589.10769230773,429604.70153846155,124.70153846155154,否
IN0481,B6T0000001449,E1,5,10,1,59,浅位,429480.0,429614.2953846154,429629.88923076924,149.88923076924402,否
IN0242,B6T0000000707,E3,5,10,12,68,浅位,429120.0,429639.4830769231,429660.9784615385,540.9784615384997,否
IN0581,B6T0000001726,E1,5,10,1,59,深位,429660.0,429676.4738461539,429692.0676923077,32.06769230769714,否
IN0581,B6T0000001726,E1,5,10,3,56,深位,429660.0,429701.6615384616,429717.3907692308,57.39076923078392,否
IN0581,B6T0000001726,E1,5,9,1,60,浅位,429660.0,429727.12000000005,429742.8738461539,82.87384615390329,否
IN0581,B6T0000001726,E1,5,9,1,60,深位,429660.0,429752.62769230775,429768.3815384616,108.38153846160276,否
IN0143,B6T0000000431,E3,5,10,12,68,深位,429180.0,429778.13538461545,429799.63076923083,619.6307692308328,否
IN0143,B6T0000000431,E3,5,9,15,57,浅位,429180.0,429815.1261538462,429836.70769230777,656.7076923077693,否
IN0143,B6T0000000431,E3,5,9,15,57,深位,429180.0,429852.28923076927,429873.8707692308,693.8707692308235,否
IN0143,B6T0000000431,E3,5,10,15,57,浅位,429180.0,429889.4523076923,429911.0338461539,731.0338461538777,否
IN0143,B6T0000000431,E3,5,10,15,57,深位,429180.0,429926.6153846154,429948.19692307693,768.1969230769319,否
IN0143,B6T0000000431,E3,5,9,14,61,浅位,429180.0,429963.77846153843,429985.38461538457,805.3846153845661,否
IN0143,B6T0000000431,E3,5,9,14,61,深位,429180.0,430000.99076923076,430022.5969230769,842.5969230768969,否
IN0143,B6T0000000431,E3,5,10,14,61,浅位,429180.0,430038.2030769231,430059.8092307692,879.8092307692277,否
IN0380,B6T0000001157,E3,5,10,14,61,深位,429180.0,430075.4153846154,430097.02153846156,917.0215384615585,否
IN0380,B6T0000001157,E3,5,9,13,65,浅位,429180.0,430112.62769230775,430134.2584615385,954.2584615385276,否
IN0380,B6T0000001157,E3,5,9,13,65,深位,429180.0,430149.8892307693,430171.5200000001,991.5200000000768,否
IN0380,B6T0000001157,E3,5,10,13,65,浅位,429180.0,430187.15076923085,430208.7815384616,1028.781538461626,否
IN0380,B6T0000001157,E3,5,10,13,65,深位,429180.0,430224.4123076924,430246.0430769232,1066.0430769231752,否
IN0380,B6T0000001157,E3,5,9,15,58,浅位,429180.0,430261.67384615395,430283.4153846155,1103.4153846154804,否
IN0380,B6T0000001157,E3,5,9,15,58,深位,429180.0,430299.156923077,430320.89846153854,1140.8984615385416,否
IN0380,B6T0000001157,E3,5,10,15,58,浅位,429180.0,430336.6400000001,430358.3815384616,1178.3815384616028,否
IN0380,B6T0000001157,E3,5,10,15,58,深位,429180.0,430374.12307692313,430395.86461538466,1215.864615384664,否
IN0380,B6T0000001157,E3,5,9,14,62,浅位,429180.0,430411.6061538462,430433.37230769236,1253.3723076923634,否
IN0380,B6T0000001157,E3,5,9,14,62,深位,429180.0,430449.1384615385,430470.90461538464,1290.904615384643,否
IN0380,B6T0000001157,E3,5,10,14,62,浅位,429180.0,430486.67076923075,430508.4369230769,1328.4369230769225,否
IN0380,B6T0000001157,E3,5,10,14,62,深位,429180.0,430524.20307692303,430545.9692307692,1365.969230769202,否
IN0380,B6T0000001157,E3,5,9,13,66,浅位,429180.0,430561.7353846153,430583.52615384606,1403.5261538460618,否
IN0380,B6T0000001157,E3,5,9,13,66,深位,429180.0,430599.31692307687,430621.1076923076,1441.107692307618,否
IN0568,B6T0000001685,E1,5,10,1,60,浅位,430620.0,430636.8984615384,430652.6523076923,32.65230769227492,否
IN0568,B6T0000001685,E1,5,10,1,60,深位,430620.0,430662.4061538461,430678.16,58.15999999997439,否
IN0568,B6T0000001685,E1,5,10,4,55,深位,430620.0,430687.9138461538,430703.79076923075,83.79076923074899,否
IN0568,B6T0000001685,E1,5,9,2,59,浅位,430620.0,430713.6676923077,430729.56923076924,109.56923076923704,否
IN0568,B6T0000001685,E1,5,9,2,59,深位,430620.0,430739.47076923074,430755.3723076923,135.37230769230518,否
IN0568,B6T0000001685,E1,5,10,2,59,浅位,430620.0,430765.2738461538,430781.1753846154,161.17538461537333,否
IN0568,B6T0000001685,E1,5,10,2,59,深位,430620.0,430791.0769230769,430806.97846153844,186.97846153844148,否
IN0568,B6T0000001685,E1,5,9,1,61,浅位,430620.0,430816.87999999995,430832.79384615377,212.79384615377057,否
IN0568,B6T0000001685,E1,5,9,1,61,深位,430620.0,430842.70769230765,430858.6215384615,238.62153846147703,否
IN0568,B6T0000001685,E1,5,10,1,61,浅位,430620.0,430868.53538461536,430884.4492307692,264.4492307691835,否
IN0568,B6T0000001685,E1,5,10,1,61,深位,430620.0,430894.36307692307,430910.2769230769,290.27692307688994,否
IN0568,B6T0000001685,E1,5,9,5,54,浅位,430620.0,430920.1907692308,430936.2153846154,316.2153846154106,否
IN0380,B6T0000001157,E3,5,10,13,66,浅位,429180.0,430946.24,430968.03076923074,1788.0307692307397,否
IN0380,B6T0000001157,E3,5,10,13,66,深位,429180.0,430983.82153846155,431005.6123076923,1825.6123076922959,否
IN0380,B6T0000001157,E3,5,9,15,59,浅位,429180.0,431021.4030769231,431043.30461538467,1863.3046153846662,否
IN0584,B6T0000001735,E1,5,9,2,5,深位,435180.0,435210.5846153846,435217.8461538461,37.84615384612698,否
IN0584,B6T0000001735,E1,5,9,4,2,浅位,435180.0,435219.1076923077,435226.5046153846,46.50461538461968,否
IN0584,B6T0000001735,E1,5,9,4,2,深位,435180.0,435227.9015384615,435235.29846153845,55.298461538448464,否
IN0584,B6T0000001735,E1,5,10,5,2,浅位,435180.0,435236.69538461533,435244.39999999997,64.39999999996508,否
IN0584,B6T0000001735,E1,5,10,5,2,深位,435180.0,435246.10461538454,435253.80923076917,73.80923076916952,否
IN0584,B6T0000001735,E1,5,9,2,8,浅位,435180.0,435255.51384615374,435263.2553846153,83.25538461527321,否
IN0584,B6T0000001735,E1,5,9,2,8,深位,435180.0,435264.9969230768,435272.73846153833,92.73846153833438,否
IN0584,B6T0000001735,E1,5,9,1,21,浅位,435180.0,435274.47999999986,435283.9938461537,103.99384615372401,否
IN0584,B6T0000001735,E1,5,9,1,21,深位,435180.0,435287.5076923076,435297.02153846144,117.0215384614421,否
IN0584,B6T0000001735,E1,5,10,1,21,浅位,435180.0,435300.5353846153,435310.04923076916,130.0492307691602,否
IN0584,B6T0000001735,E1,5,9,10,1,浅位,435180.0,435313.563076923,435323.1076923076,143.10769230761798,否
IN0584,B6T0000001735,E1,5,9,10,1,深位,435180.0,435326.6523076923,435336.1969230769,156.19692307687365,否
IN0584,B6T0000001735,E1,5,10,10,1,浅位,435180.0,435339.74153846153,435349.28615384613,169.2861538461293,否
IN0584,B6T0000001735,E1,5,10,10,1,深位,435180.0,435352.8307692308,435362.3753846154,182.37538461538497,否
IN0584,B6T0000001735,E1,5,9,9,11,浅位,435180.0,435365.92000000004,435376.4492307693,196.4492307692999,否
IN0584,B6T0000001735,E1,5,9,9,11,深位,435180.0,435380.9784615385,435391.50769230776,211.50769230775768,否
IN0584,B6T0000001735,E1,5,10,9,11,浅位,435180.0,435396.03692307696,435406.5661538462,226.56615384621546,否
IN0002,B6T0000000001,E4,5,9,43,1,浅位,439740.0,439740.0,439769.9292307692,29.929230769223068,否
IN0002,B6T0000000001,E4,5,9,43,1,深位,439740.0,439793.85846153845,439823.78769230767,83.7876923076692,否
IN0002,B6T0000000001,E4,5,10,43,1,浅位,439740.0,439847.7169230769,439877.6461538461,137.64615384611534,否
IN0002,B6T0000000001,E4,5,10,43,1,深位,439740.0,439901.57538461534,439931.50461538456,191.50461538456148,否
IN0002,B6T0000000001,E4,5,10,45,3,浅位,439740.0,439955.4338461538,439987.22153846145,247.22153846145375,否
IN0002,B6T0000000001,E4,5,10,45,3,深位,439740.0,440013.0092307692,440044.79692307685,304.79692307685036,否
IN0002,B6T0000000001,E4,5,9,47,1,浅位,439740.0,440070.5846153846,440103.59076923074,363.59076923073735,否
IN0002,B6T0000000001,E4,5,9,47,1,深位,439740.0,440130.5969230769,440163.60307692306,423.6030769230565,否
IN0002,B6T0000000001,E4,5,10,47,1,浅位,439740.0,440190.6092307692,440223.6153846154,483.61538461537566,否
IN0002,B6T0000000001,E4,5,10,47,1,深位,439740.0,440250.62153846154,440283.6276923077,543.6276923076948,否
IN0002,B6T0000000001,E4,5,10,43,58,深位,439740.0,440310.63384615385,440349.6830769231,609.6830769230728,否
IN0002,B6T0000000001,E4,5,9,45,49,浅位,439740.0,440382.7323076923,440421.88,681.8800000000047,否
IN0002,B6T0000000001,E4,5,9,45,49,深位,439740.0,440455.02769230766,440494.1753846154,754.1753846153733,否
IN0002,B6T0000000001,E4,5,10,45,49,浅位,439740.0,440527.323076923,440566.47076923074,826.470769230742,否
IN0002,B6T0000000001,E4,5,10,45,49,深位,439740.0,440599.6184615384,440638.7661538461,898.7661538461107,否
IN0002,B6T0000000001,E4,5,9,44,54,浅位,439740.0,440671.91384615377,440711.0923076922,971.092307692219,否
IN0002,B6T0000000001,E4,5,9,44,54,深位,439740.0,440744.2707692307,440783.4492307691,1043.4492307691253,否
IN0002,B6T0000000001,E4,5,10,44,54,浅位,439740.0,440816.6276923076,440855.80615384603,1115.8061538460315,否
IN0002,B6T0000000001,E4,5,10,44,54,深位,439740.0,440888.9846153845,440928.16307692294,1188.1630769229378,否
IN0002,B6T0000000001,E4,5,9,43,59,浅位,439740.0,440961.3415384614,441000.55076923064,1260.550769230642,否
IN0002,B6T0000000001,E4,5,9,43,59,深位,439740.0,441033.75999999983,441072.9692307691,1332.9692307690857,否
IN0002,B6T0000000001,E4,5,10,43,59,浅位,439740.0,441106.1784615383,441145.38769230753,1405.3876923075295,否
IN0002,B6T0000000001,E4,5,10,43,59,深位,439740.0,441178.5969230767,441217.806153846,1477.8061538459733,否
IN0002,B6T0000000001,E4,5,9,46,45,浅位,439740.0,441251.01538461517,441290.2923076921,1550.2923076921143,否
IN0002,B6T0000000001,E4,5,9,46,45,深位,439740.0,441323.569230769,441362.84615384595,1622.8461538459524,否
IN0002,B6T0000000001,E4,5,10,46,45,浅位,439740.0,441396.12307692284,441435.3999999998,1695.3999999997905,否
IN0002,B6T0000000001,E4,5,10,46,45,深位,439740.0,441468.6769230767,441507.9538461536,1767.9538461536285,否
IN0002,B6T0000000001,E4,5,9,45,50,浅位,439740.0,441541.2307692305,441580.5384615382,1840.5384615382063,否
IN0002,B6T0000000001,E4,5,9,45,50,深位,439740.0,441613.8461538459,441653.1538461536,1913.153846153582,否
IN0002,B6T0000000001,E4,5,10,45,50,浅位,439740.0,441686.46153846127,441725.76923076896,1985.7692307689576,否
IN0002,B6T0000000001,E4,5,10,45,50,深位,439740.0,441759.07692307665,441798.38461538433,2058.3846153843333,否
IN0118,B6T0000000334,E3,5,10,9,11,深位,453960.0,453960.0,453970.52923076926,10.529230769257993,否
IN0118,B6T0000000334,E3,5,9,9,15,浅位,453960.0,453975.05846153846,453986.2276923077,26.227692307671532,否
IN0265,B6T0000000781,E3,6,12,11,3,深位,2100.0,2100.0,2110.48,10.480000000000018,否
IN0265,B6T0000000781,E3,6,11,11,4,深位,2100.0,2114.96,2125.6,25.59999999999991,否
IN0265,B6T0000000781,E3,6,11,12,9,深位,2100.0,2130.2400000000002,2142.295384615385,42.295384615385046,否
IN0265,B6T0000000781,E3,6,12,18,4,深位,2100.0,2148.3507692307694,2163.2984615384617,63.29846153846165,否
IN0302,B6T0000000907,E3,6,11,13,15,浅位,15960.0,15960.0,15973.63076923077,13.630769230769147,否
IN0302,B6T0000000907,E3,6,11,13,15,深位,15960.0,15981.261538461538,15994.892307692307,34.89230769230744,否
IN0396,B6T0000001204,E3,6,12,13,15,浅位,17460.0,17460.0,17473.63076923077,13.630769230770966,否
IN0396,B6T0000001204,E3,6,12,13,15,深位,17460.0,17481.26153846154,17494.89230769231,34.89230769230926,否
IN0396,B6T0000001204,E3,6,11,22,1,深位,17460.0,17502.523076923077,17519.452307692307,59.45230769230693,否
IN0396,B6T0000001204,E3,6,12,11,44,深位,17460.0,17530.381538461537,17547.421538461538,87.42153846153815,否
IN0439,B6T0000001335,E1,6,11,1,9,深位,23760.0,23760.0,23767.593846153846,7.593846153846243,否
IN0439,B6T0000001335,E1,6,12,5,2,深位,23760.0,23769.187692307692,23776.89230769231,16.89230769230926,否
IN0439,B6T0000001335,E1,6,12,1,10,深位,23760.0,23778.596923076922,23786.35076923077,26.350769230768492,否
IN0439,B6T0000001335,E1,6,11,4,5,深位,23760.0,23788.104615384615,23795.98153846154,35.98153846153946,否
IN0439,B6T0000001335,E1,6,11,6,2,深位,23760.0,23797.85846153846,23805.87076923077,45.87076923076893,否
IN0614,B6T0000001819,E1,6,11,4,6,深位,23760.0,23807.883076923077,23815.920000000002,55.92000000000189,否
IN0614,B6T0000001819,E1,6,11,2,10,深位,23760.0,23817.956923076923,23826.01846153846,66.01846153846054,否
IN0614,B6T0000001819,E1,6,12,4,7,深位,23760.0,23828.079999999998,23836.276923076923,76.27692307692269,否
IN0288,B6T0000000865,E3,6,12,12,9,浅位,26340.0,26340.0,26352.055384615385,12.055384615385265,否
IN0288,B6T0000000865,E3,6,12,12,9,深位,26340.0,26358.11076923077,26370.166153846156,30.166153846155794,否
IN0288,B6T0000000865,E3,6,11,15,4,浅位,26340.0,26376.22153846154,26389.32307692308,49.3230769230795,否
IN0248,B6T0000000727,E3,6,11,15,4,深位,26340.0,26396.424615384618,26409.526153846156,69.52615384615638,否
IN0248,B6T0000000727,E3,6,12,15,4,浅位,26340.0,26416.627692307695,26429.729230769233,89.72923076923325,否
IN0248,B6T0000000727,E3,6,12,15,4,深位,26340.0,26436.83076923077,26449.93230769231,109.93230769231013,否
IN0248,B6T0000000727,E3,6,12,16,25,深位,26340.0,26457.03384615385,26474.11076923077,134.11076923077053,否
IN0248,B6T0000000727,E3,6,12,22,8,深位,26340.0,26485.187692307696,26503.236923076925,163.23692307692545,否
IN0248,B6T0000000727,E3,6,11,9,64,浅位,26340.0,26515.28615384616,26534.29538461539,194.2953846153905,否
IN0248,B6T0000000727,E3,6,11,9,64,深位,26340.0,26547.30461538462,26566.31384615385,226.31384615385105,否
IN0248,B6T0000000727,E3,6,12,9,64,浅位,26340.0,26579.32307692308,26598.33230769231,258.3323076923116,否
IN0248,B6T0000000727,E3,6,12,9,64,深位,26340.0,26611.34153846154,26630.350769230772,290.35076923077213,否
IN0248,B6T0000000727,E3,6,11,9,65,浅位,26340.0,26643.36,26662.529230769233,322.5292307692325,否
IN0248,B6T0000000727,E3,6,11,9,65,深位,26340.0,26675.69846153846,26694.867692307693,354.8676923076928,否
IN0664,B6T0000001992,E1,6,11,1,15,深位,33600.0,33600.0,33608.553846153845,8.55384615384537,否
IN0664,B6T0000001992,E1,6,12,8,3,深位,33600.0,33611.10769230769,33619.89538461538,19.895384615381772,否
IN0664,B6T0000001992,E1,6,12,1,18,深位,33600.0,33622.68307692307,33631.71692307692,31.716923076921375,否
IN0664,B6T0000001992,E1,6,11,8,5,深位,33600.0,33634.75076923076,33643.85846153845,43.85846153845341,否
IN0664,B6T0000001992,E1,6,11,4,13,深位,33600.0,33646.966153846144,33656.12307692307,56.123076923067856,否
IN0664,B6T0000001992,E1,6,12,3,15,深位,33600.0,33659.27999999999,33668.44923076922,68.44923076921987,否
IN0326,B6T0000000994,E3,6,11,12,29,浅位,38220.0,38220.0,38235.25538461538,15.255384615382354,否
IN0326,B6T0000000994,E3,6,12,9,65,浅位,38220.0,38244.51076923077,38263.68,43.68000000000029,否
IN0305,B6T0000000924,E3,6,12,12,6,浅位,55980.0,55980.0,55991.57538461538,11.575384615382063,否
IN0305,B6T0000000924,E3,6,12,12,6,深位,55980.0,55997.15076923077,56008.72615384615,28.726153846153466,否
IN0305,B6T0000000924,E3,6,12,9,65,深位,55980.0,56014.30153846154,56033.47076923077,53.47076923077111,否
IN0305,B6T0000000924,E3,6,11,9,66,浅位,55980.0,56046.64000000001,56065.96923076924,85.9692307692385,否
IN0569,B6T0000001688,E1,6,11,5,2,浅位,60240.0,60240.0,60247.70461538462,7.704615384616773,否
IN0569,B6T0000001688,E1,6,11,5,2,深位,60240.0,60249.40923076923,60257.11384615385,17.113846153850318,否
IN0569,B6T0000001688,E1,6,11,8,1,浅位,60240.0,60258.81846153847,60267.28615384616,27.286153846158413,否
IN0569,B6T0000001688,E1,6,11,8,1,深位,60240.0,60269.75384615385,60278.22153846154,38.22153846154106,否
IN0569,B6T0000001688,E1,6,12,8,1,浅位,60240.0,60280.68923076923,60289.156923076924,49.156923076923704,否
IN0228,B6T0000000664,E3,6,11,9,10,浅位,82440.0,82440.0,82450.36923076923,10.369230769225396,否
IN0228,B6T0000000664,E3,6,11,9,10,深位,82440.0,82454.73846153847,82465.10769230769,25.10769230769074,否
IN0130,B6T0000000388,E3,6,12,9,10,浅位,82860.0,82860.0,82870.36923076923,10.369230769225396,否
IN0130,B6T0000000388,E3,6,12,9,10,深位,82860.0,82874.73846153847,82885.10769230769,25.10769230769074,否
IN0130,B6T0000000388,E3,6,11,9,66,深位,82860.0,82889.47692307693,82908.80615384616,48.80615384616249,否
IN0130,B6T0000000388,E3,6,12,9,66,浅位,82860.0,82922.1353846154,82941.46461538463,81.46461538462609,否
IN0130,B6T0000000388,E3,6,12,9,66,深位,82860.0,82954.79384615386,82974.12307692309,114.12307692308968,否
IN0130,B6T0000000388,E3,6,11,10,63,浅位,82860.0,82987.45230769232,83006.91692307693,146.91692307693302,否
IN0130,B6T0000000388,E3,6,11,10,63,深位,82860.0,83020.38153846156,83039.84615384617,179.84615384617064,否
IN0001,B6T0000000000,E4,6,11,45,3,浅位,84240.0,84240.0,84271.7876923077,31.787692307698308,否
IN0001,B6T0000000000,E4,6,11,45,3,深位,84240.0,84297.57538461538,84329.36307692308,89.36307692308037,否
IN0091,B6T0000000257,E4,6,12,45,3,浅位,84960.0,84960.0,84991.7876923077,31.787692307698308,否
IN0091,B6T0000000257,E4,6,12,45,3,深位,84960.0,85017.57538461538,85049.36307692308,89.36307692308037,否
IN0091,B6T0000000257,E4,6,11,43,20,深位,84960.0,85075.15076923076,85108.12,148.11999999999534,否
IN0091,B6T0000000257,E4,6,12,43,27,深位,84960.0,85135.08923076923,85169.17846153845,209.17846153845312,否
IN0091,B6T0000000257,E4,6,11,48,9,深位,84960.0,85197.2676923077,85232.32307692307,272.3230769230722,否
IN0468,B6T0000001409,E1,6,11,5,12,浅位,85200.0,85261.37846153846,85270.68307692309,70.68307692308736,否
IN0468,B6T0000001409,E1,6,11,5,12,深位,85200.0,85273.9876923077,85283.29230769232,83.29230769231799,否
IN0468,B6T0000001409,E1,6,12,5,12,浅位,85200.0,85286.59692307693,85295.90153846155,95.90153846154863,否
IN0468,B6T0000001409,E1,6,12,5,12,深位,85200.0,85299.20615384616,85308.51076923078,108.51076923077926,否
IN0468,B6T0000001409,E1,6,12,7,9,深位,85200.0,85311.81538461539,85321.25538461539,121.25538461538963,否
IN0468,B6T0000001409,E1,6,11,3,17,深位,85200.0,85324.69538461539,85334.18461538463,134.18461538462725,否
IN0468,B6T0000001409,E1,6,12,8,8,深位,85200.0,85337.67384615385,85347.26153846153,147.26153846153466,否
IN0468,B6T0000001409,E1,6,11,8,9,深位,85200.0,85350.84923076924,85360.59692307693,160.59692307692603,否
IN0468,B6T0000001409,E1,6,11,8,10,深位,85200.0,85364.34461538462,85374.25230769231,174.25230769230984,否
IN0468,B6T0000001409,E1,6,12,5,16,深位,85200.0,85378.16,85388.10461538463,188.1046153846255,否
IN0468,B6T0000001409,E1,6,12,5,18,深位,85200.0,85392.04923076923,85402.31384615385,202.3138461538474,否
IN0468,B6T0000001409,E1,6,11,4,20,深位,85200.0,85406.57846153846,85416.85538461538,216.8553846153809,否
IN0468,B6T0000001409,E1,6,12,3,22,深位,85200.0,85421.13230769231,85431.42153846154,231.42153846153815,否
IN0468,B6T0000001409,E1,6,12,1,26,浅位,85200.0,85435.71076923078,85446.02461538462,246.02461538462376,否
IN0091,B6T0000000257,E4,6,12,47,19,深位,84960.0,85450.33846153847,85486.22461538462,526.2246153846208,否
IN0003,B6T0000000003,E4,6,12,44,34,深位,84960.0,85516.11076923079,85552.08923076924,592.0892307692411,否
IN0003,B6T0000000003,E4,6,12,48,16,深位,84960.0,85582.06769230771,85618.2430769231,658.2430769230996,否
IN0003,B6T0000000003,E4,6,11,43,43,深位,84960.0,85648.41846153849,85685.06769230771,725.0676923077117,否
IN0003,B6T0000000003,E4,6,11,43,49,浅位,84960.0,85715.71692307695,85753.32615384618,793.3261538461811,否
IN0003,B6T0000000003,E4,6,11,43,49,深位,84960.0,85784.93538461541,85822.54461538464,862.5446153846424,否
IN0335,B6T0000001035,E3,6,11,15,4,深位,90360.0,90360.0,90373.10153846155,13.101538461545715,否
IN0335,B6T0000001035,E3,6,12,15,4,浅位,90360.0,90380.20307692308,90393.30461538462,33.30461538462259,否
IN0335,B6T0000001035,E3,6,12,15,4,深位,90360.0,90400.40615384615,90413.5076923077,53.50769230769947,否
IN0335,B6T0000001035,E3,6,12,16,2,浅位,90360.0,90420.60923076923,90434.00615384616,74.00615384615958,否
IN0335,B6T0000001035,E3,6,12,16,2,深位,90360.0,90441.40307692307,90454.8,94.80000000000291,否
IN0335,B6T0000001035,E3,6,11,13,24,浅位,90360.0,90462.19692307692,90477.26769230768,117.26769230767968,否
IN0335,B6T0000001035,E3,6,11,13,24,深位,90360.0,90486.33846153846,90501.40923076922,141.409230769219,否
IN0335,B6T0000001035,E3,6,12,13,24,浅位,90360.0,90510.48,90525.55076923076,165.5507692307583,否
IN0169,B6T0000000493,E3,6,12,13,24,深位,95820.0,95820.0,95835.07076923076,15.07076923076238,否
IN0169,B6T0000000493,E3,6,11,24,3,浅位,95820.0,95844.14153846154,95862.62153846154,42.62153846153524,否
IN0169,B6T0000000493,E3,6,11,24,3,深位,95820.0,95875.10153846155,95893.58153846154,73.58153846154164,否
IN0290,B6T0000000867,E3,6,12,11,3,深位,100440.0,100440.0,100450.48,10.479999999995925,否
IN0290,B6T0000000867,E3,6,11,11,4,深位,100440.0,100454.96,100465.6,25.60000000000582,否
IN0251,B6T0000000740,E3,6,11,12,9,深位,102360.0,102360.0,102372.05538461538,12.055384615377989,否
IN0251,B6T0000000740,E3,6,12,24,3,浅位,102360.0,102378.11076923077,102396.59076923077,36.590769230766455,否
IN0251,B6T0000000740,E3,6,12,24,3,深位,102360.0,102409.07076923078,102427.55076923077,67.55076923077286,否
IN0251,B6T0000000740,E3,6,12,10,63,浅位,102360.0,102440.03076923078,102459.4953846154,99.49538461539487,否
IN0628,B6T0000001870,E1,6,12,1,26,深位,107640.0,107640.0,107650.31384615385,10.313846153847408,否
IN0628,B6T0000001870,E1,6,11,8,13,深位,107640.0,107654.6276923077,107665.01538461538,25.01538461538439,否
IN0628,B6T0000001870,E1,6,12,5,19,深位,107640.0,107669.40307692307,107679.82769230769,39.827692307691905,否
IN0628,B6T0000001870,E1,6,12,1,28,深位,107640.0,107684.25230769231,107694.88615384615,54.88615384614968,否
IN0628,B6T0000001870,E1,6,11,4,24,浅位,107640.0,107699.52,107710.43692307692,70.43692307692254,否
IN0628,B6T0000001870,E1,6,11,4,24,深位,107640.0,107715.35384615386,107726.27076923077,86.27076923077402,否
IN0628,B6T0000001870,E1,6,12,4,24,浅位,107640.0,107731.1876923077,107742.10461538463,102.1046153846255,否
IN0628,B6T0000001870,E1,6,12,4,24,深位,107640.0,107747.02153846156,107757.93846153848,117.93846153847699,否
IN0628,B6T0000001870,E1,6,11,1,30,深位,107640.0,107762.85538461541,107773.80923076926,133.80923076925683,否
IN0608,B6T0000001801,E1,6,11,8,18,深位,113640.0,113640.0,113651.18769230769,11.187692307692487,否
IN0608,B6T0000001801,E1,6,11,2,30,浅位,113640.0,113656.37538461538,113667.63692307692,27.63692307691963,否
IN0608,B6T0000001801,E1,6,11,2,30,深位,113640.0,113672.89846153847,113684.16,44.16000000000349,否
IN0608,B6T0000001801,E1,6,12,2,30,浅位,113640.0,113689.42153846155,113700.68307692309,60.683076923087356,否
IN0608,B6T0000001801,E1,6,11,4,29,深位,113640.0,113705.94461538464,113717.66153846156,77.66153846155794,否
IN0608,B6T0000001801,E1,6,12,5,28,深位,113640.0,113723.37846153848,113735.2430769231,95.24307692309958,否
IN0608,B6T0000001801,E1,6,12,4,30,深位,113640.0,113741.1076923077,113752.98461538463,112.98461538463016,否
IN0608,B6T0000001801,E1,6,12,8,23,深位,113640.0,113758.86153846156,113770.84923076925,130.84923076925043,否
IN0236,B6T0000000689,E3,6,11,17,6,浅位,131580.0,131580.0,131594.6523076923,14.65230769230402,否
IN0236,B6T0000000689,E3,6,11,17,6,深位,131580.0,131603.3046153846,131617.9569230769,37.95692307691206,否
IN0236,B6T0000000689,E3,6,12,17,6,浅位,131580.0,131626.60923076922,131641.26153846152,61.261538461520104,否
IN0441,B6T0000001339,E1,6,11,2,2,浅位,134280.0,134280.0,134286.78153846154,6.78153846153873,否
IN0441,B6T0000001339,E1,6,11,1,16,浅位,134280.0,134287.56307692308,134296.27692307692,16.276923076919047,否
IN0314,B6T0000000942,E3,6,11,9,4,浅位,134460.0,134460.0,134469.40923076923,9.409230769233545,否
IN0314,B6T0000000942,E3,6,11,9,4,深位,134460.0,134472.81846153847,134482.2276923077,22.227692307700636,否
IN0314,B6T0000000942,E3,6,12,9,4,浅位,134460.0,134485.63692307693,134495.04615384617,35.046153846167726,否
IN0314,B6T0000000942,E3,6,12,17,6,深位,134460.0,134498.4553846154,134513.1076923077,53.10769230770529,否
IN0314,B6T0000000942,E3,6,11,19,17,浅位,134460.0,134521.76,134539.40307692307,79.40307692307397,否
IN0314,B6T0000000942,E3,6,11,19,17,深位,134460.0,134551.04615384617,134568.68923076923,108.68923076923238,否
IN0572,B6T0000001698,E1,6,11,1,16,深位,139920.0,139920.0,139928.71384615384,8.713846153841587,否
IN0572,B6T0000001698,E1,6,11,6,29,深位,139920.0,139931.42769230768,139943.75999999998,23.75999999998021,否
IN0572,B6T0000001698,E1,6,11,7,29,深位,139920.0,139950.0923076923,139962.73230769232,42.73230769232032,否
IN0572,B6T0000001698,E1,6,11,7,33,深位,139920.0,139969.3723076923,139982.6523076923,62.65230769230402,否
IN0572,B6T0000001698,E1,6,11,7,34,深位,139920.0,139989.9323076923,140003.3723076923,83.37230769230518,否
IN0572,B6T0000001698,E1,6,12,3,42,深位,139920.0,140010.8123076923,140024.30153846153,104.30153846152825,否
IN0572,B6T0000001698,E1,6,12,3,45,深位,139920.0,140031.79076923078,140045.76,125.76000000000931,否
IN0572,B6T0000001698,E1,6,12,7,39,深位,139920.0,140053.72923076924,140067.96923076923,147.96923076923122,否
IN0572,B6T0000001698,E1,6,12,5,43,深位,139920.0,140076.20923076925,140090.47384615388,170.47384615388,否
IN0572,B6T0000001698,E1,6,11,8,38,深位,139920.0,140098.73846153848,140113.12615384618,193.12615384618402,否
IN0572,B6T0000001698,E1,6,12,7,40,深位,139920.0,140121.51384615386,140135.91384615385,215.91384615385323,否
IN0572,B6T0000001698,E1,6,11,5,44,深位,139920.0,140144.31384615385,140158.73846153845,238.7384615384508,否
IN0572,B6T0000001698,E1,6,11,2,50,深位,139920.0,140167.16307692308,140181.62461538462,261.624615384615,否
IN0572,B6T0000001698,E1,6,11,1,53,深位,139920.0,140190.08615384615,140204.72,284.72000000000116,否
IN0572,B6T0000001698,E1,6,12,6,45,深位,139920.0,140213.35384615383,140228.24615384612,308.24615384612116,否
IN0572,B6T0000001698,E1,6,11,5,48,深位,139920.0,140237.13846153844,140252.20307692306,332.2030769230623,否
IN0572,B6T0000001698,E1,6,11,7,45,深位,139920.0,140261.26769230768,140276.4676923077,356.4676923076913,否
IN0572,B6T0000001698,E1,6,11,8,44,深位,139920.0,140285.66769230767,140301.01538461537,381.01538461536984,否
IN0572,B6T0000001698,E1,6,12,6,49,深位,139920.0,140310.36307692307,140325.89538461537,405.8953846153745,否
IN0572,B6T0000001698,E1,6,11,1,59,浅位,139920.0,140335.42769230768,140351.02153846153,431.0215384615294,否
IN0572,B6T0000001698,E1,6,11,1,59,深位,139920.0,140360.61538461538,140376.20923076922,456.2092307692219,否
IN0572,B6T0000001698,E1,6,12,1,59,浅位,139920.0,140385.80307692307,140401.3969230769,481.3969230769144,否
IN0572,B6T0000001698,E1,6,12,1,59,深位,139920.0,140410.99076923076,140426.5846153846,506.5846153846069,否
IN0572,B6T0000001698,E1,6,11,1,60,浅位,139920.0,140436.17846153845,140451.9323076923,531.9323076923029,否
IN0572,B6T0000001698,E1,6,11,1,60,深位,139920.0,140461.68615384615,140477.44,557.4400000000023,否
IN0572,B6T0000001698,E1,6,12,1,60,浅位,139920.0,140487.19384615385,140502.9476923077,582.9476923077018,否
IN0572,B6T0000001698,E1,6,12,1,60,深位,139920.0,140512.70153846155,140528.4553846154,608.4553846154013,否
IN0572,B6T0000001698,E1,6,11,2,59,浅位,139920.0,140538.20923076925,140554.11076923079,634.1107692307851,否
IN0572,B6T0000001698,E1,6,11,2,59,深位,139920.0,140564.01230769232,140579.91384615385,659.9138461538532,否
IN0572,B6T0000001698,E1,6,12,2,59,浅位,139920.0,140589.8153846154,140605.71692307692,685.7169230769214,是
IN0297,B6T0000000890,E3,6,12,19,17,浅位,169500.0,169500.0,169517.64307692306,17.643076923064655,否
IN0297,B6T0000000890,E3,6,12,19,17,深位,169500.0,169529.28615384616,169546.92923076922,46.92923076922307,否
IN0297,B6T0000000890,E3,6,12,10,63,深位,169500.0,169558.57230769232,169578.03692307693,78.03692307692836,否
IN0297,B6T0000000890,E3,6,11,9,67,浅位,169500.0,169591.50153846154,169610.99076923076,110.99076923076063,否
IN0297,B6T0000000890,E3,6,11,9,67,深位,169500.0,169624.48,169643.96923076923,143.96923076923122,否
IN0297,B6T0000000890,E3,6,12,9,67,浅位,169500.0,169657.45846153848,169676.9476923077,176.9476923077018,否
IN0297,B6T0000000890,E3,6,12,9,67,深位,169500.0,169690.43692307695,169709.92615384617,209.92615384617238,否
IN0200,B6T0000000583,E3,6,12,17,37,深位,170820.0,170820.0,170839.6123076923,19.61230769229587,否
IN0200,B6T0000000583,E3,6,11,10,64,浅位,170820.0,170853.22461538462,170872.84923076924,52.849230769235874,否
IN0200,B6T0000000583,E3,6,11,10,64,深位,170820.0,170886.47384615385,170906.09846153847,86.09846153846593,否
IN0142,B6T0000000430,E3,6,12,10,64,浅位,171000.0,171000.0,171019.62461538462,19.624615384615026,否
IN0142,B6T0000000430,E3,6,12,10,64,深位,171000.0,171033.24923076923,171052.87384615385,52.87384615384508,否
IN0300,B6T0000000904,E3,6,11,9,68,浅位,171660.0,171660.0,171679.64923076922,19.649230769224232,否
IN0300,B6T0000000904,E3,6,11,9,68,深位,171660.0,171693.29846153845,171712.94769230767,52.947692307672696,否
IN0300,B6T0000000904,E3,6,12,9,68,浅位,171660.0,171726.5969230769,171746.24615384612,86.24615384612116,否
IN0300,B6T0000000904,E3,6,12,9,68,深位,171660.0,171759.89538461535,171779.54461538457,119.54461538456962,否
IN0329,B6T0000001000,E3,6,11,18,34,深位,172500.0,172500.0,172519.7476923077,19.74769230769016,否
IN0329,B6T0000001000,E3,6,11,11,61,浅位,172500.0,172533.49538461538,172553.2553846154,53.25538461538963,否
IN0526,B6T0000001568,E1,6,11,3,3,浅位,175020.0,175020.0,175027.24923076923,7.249230769230053,否
IN0526,B6T0000001568,E1,6,11,3,3,深位,175020.0,175028.49846153846,175035.7476923077,15.747692307690158,否
IN0526,B6T0000001568,E1,6,12,3,3,浅位,175020.0,175036.99692307692,175044.24615384615,24.246153846150264,否
IN0526,B6T0000001568,E1,6,12,3,3,深位,175020.0,175045.49538461538,175052.7446153846,32.74461538461037,否
IN0526,B6T0000001568,E1,6,12,11,12,浅位,175020.0,175053.99384615384,175065.91384615385,45.91384615385323,否
IN0526,B6T0000001568,E1,6,12,11,12,深位,175020.0,175071.83384615384,175083.75384615385,63.753846153849736,否
IN0467,B6T0000001407,E1,6,11,3,3,浅位,185340.0,185340.0,185347.24923076923,7.249230769230053,否
IN0467,B6T0000001407,E1,6,11,3,3,深位,185340.0,185348.49846153846,185355.7476923077,15.747692307690158,否
IN0467,B6T0000001407,E1,6,12,3,3,浅位,185340.0,185356.99692307692,185364.24615384615,24.246153846150264,否
IN0467,B6T0000001407,E1,6,12,3,3,深位,185340.0,185365.49538461538,185372.7446153846,32.74461538461037,否
IN0467,B6T0000001407,E1,6,12,1,19,浅位,185340.0,185373.99384615384,185383.1876923077,43.18769230769249,否
IN0467,B6T0000001407,E1,6,12,1,19,深位,185340.0,185386.38153846154,185395.5753846154,55.575384615396615,否
IN0467,B6T0000001407,E1,6,12,5,31,浅位,185340.0,185398.76923076925,185411.11384615386,71.11384615386487,否
IN0467,B6T0000001407,E1,6,12,5,31,深位,185340.0,185417.45846153848,185429.8030769231,89.80307692309725,否
IN0467,B6T0000001407,E1,6,11,9,27,浅位,185340.0,185436.1476923077,185449.23692307694,109.23692307694,否
IN0389,B6T0000001186,E3,6,12,9,4,深位,195180.0,195180.0,195189.40923076923,9.409230769233545,否
IN0389,B6T0000001186,E3,6,12,11,1,浅位,195180.0,195192.81846153847,195202.97846153847,22.978461538470583,否
IN0389,B6T0000001186,E3,6,11,15,1,浅位,195180.0,195207.13846153847,195219.76,39.76000000000931,否
IN0389,B6T0000001186,E3,6,11,15,1,深位,195180.0,195226.38153846154,195239.00307692308,59.00307692307979,否
IN0389,B6T0000001186,E3,6,11,9,27,深位,195180.0,195245.62461538462,195258.71384615384,78.71384615384159,否
IN0389,B6T0000001186,E3,6,12,9,27,浅位,195180.0,195265.80307692307,195278.8923076923,98.89230769229471,否
IN0389,B6T0000001186,E3,6,12,9,27,深位,195180.0,195285.98153846152,195299.07076923075,119.07076923074783,否
IN0189,B6T0000000546,E3,6,11,15,5,浅位,201120.0,201120.0,201133.26153846155,13.261538461549208,否
IN0189,B6T0000000546,E3,6,11,15,5,深位,201120.0,201140.52307692307,201153.78461538462,33.78461538461852,否
IN0194,B6T0000000566,E3,6,12,12,9,浅位,201360.0,201360.0,201372.05538461538,12.055384615377989,是
IN0194,B6T0000000566,E3,6,12,12,9,深位,201360.0,201395.95076923078,201408.00615384616,48.00615384615958,是
IN0194,B6T0000000566,E3,6,11,15,4,浅位,201360.0,201431.90153846156,201445.0030769231,85.00307692310889,否
IN0194,B6T0000000566,E3,6,12,15,5,浅位,201360.0,201452.10461538465,201465.3661538462,105.36615384620382,否
IN0038,B6T0000000116,E4,6,11,45,3,浅位,202620.0,202620.0,202651.7876923077,31.787692307698308,否
IN0038,B6T0000000116,E4,6,11,45,3,深位,202620.0,202677.5753846154,202709.3630769231,89.36307692309492,否
IN0038,B6T0000000116,E4,6,11,44,23,浅位,202620.0,202735.1507692308,202769.36923076925,149.3692307692545,否
IN0038,B6T0000000116,E4,6,12,43,43,浅位,202620.0,202797.58769230772,202834.23692307694,214.23692307694,是
IN0038,B6T0000000116,E4,6,12,43,43,深位,202620.0,202870.88615384616,202907.5353846154,287.53538461538847,是
IN0038,B6T0000000116,E4,6,12,43,49,浅位,202620.0,202944.1846153846,202981.79384615386,361.7938461538579,是
IN0038,B6T0000000116,E4,6,12,43,49,深位,202620.0,203019.40307692307,203057.01230769232,437.01230769231915,是
IN0038,B6T0000000116,E4,6,11,43,50,浅位,202620.0,203094.62153846154,203132.39076923075,512.3907692307548,否
IN0496,B6T0000001493,E1,6,11,2,7,浅位,203160.0,203164.16,203171.74153846153,11.741538461530581,否
IN0496,B6T0000001493,E1,6,11,2,7,深位,203160.0,203173.3230769231,203180.9046153846,20.904615384613862,否
IN0496,B6T0000001493,E1,6,12,2,7,浅位,203160.0,203182.48615384617,203190.0676923077,30.067692307697143,否
IN0038,B6T0000000116,E4,6,11,43,50,深位,202620.0,203191.64923076925,203229.41846153847,609.4184615384729,否
IN0038,B6T0000000116,E4,6,12,43,50,浅位,202620.0,203261.18769230772,203298.95692307694,678.9569230769412,否
IN0038,B6T0000000116,E4,6,12,43,50,深位,202620.0,203330.7261538462,203368.4953846154,748.4953846154094,否
IN0129,B6T0000000380,E3,6,11,15,4,深位,210060.0,210060.0,210073.10153846155,13.101538461545715,否
IN0129,B6T0000000380,E3,6,12,15,4,浅位,210060.0,210080.2030769231,210093.30461538464,33.304615384637145,否
IN0116,B6T0000000332,E3,6,12,15,4,深位,212160.0,212160.0,212173.10153846155,13.101538461545715,否
IN0116,B6T0000000332,E3,6,12,15,5,深位,212160.0,212180.2030769231,212193.46461538464,33.46461538464064,否
IN0116,B6T0000000332,E3,6,12,16,2,浅位,212160.0,212200.72615384616,212214.12307692308,54.12307692307513,否
IN0600,B6T0000001778,E1,6,12,2,7,深位,212340.0,212340.0,212347.58153846153,7.581538461527089,否
IN0600,B6T0000001778,E1,6,11,4,4,浅位,212340.0,212349.16307692308,212356.88,16.880000000004657,否
IN0600,B6T0000001778,E1,6,11,4,4,深位,212340.0,212358.59692307693,212366.31384615385,26.313846153847408,否
IN0366,B6T0000001125,E3,6,12,16,2,深位,213480.0,213480.0,213493.3969230769,13.39692307691439,否
IN0366,B6T0000001125,E3,6,11,14,14,浅位,213480.0,213500.79384615386,213514.88,34.88000000000466,否
IN0366,B6T0000001125,E3,6,11,14,14,深位,213480.0,213522.96615384615,213537.0523076923,57.0523076922982,否
IN0366,B6T0000001125,E3,6,12,14,14,浅位,213480.0,213545.13846153844,213559.2246153846,79.22461538459174,否
IN0205,B6T0000000601,E3,6,12,14,14,深位,213480.0,213567.31076923074,213581.39692307689,101.39692307688529,否
IN0205,B6T0000000601,E3,6,11,16,8,浅位,213480.0,213589.48307692303,213603.83999999997,123.8399999999674,否
IN0615,B6T0000001823,E1,6,12,4,4,浅位,224280.0,224280.0,224287.71692307692,7.7169230769213755,否
IN0615,B6T0000001823,E1,6,12,4,4,深位,224280.0,224289.43384615384,224297.15076923076,17.150769230764126,否
IN0615,B6T0000001823,E1,6,11,2,13,浅位,224280.0,224298.8676923077,224307.40923076923,27.409230769233545,否
IN0615,B6T0000001823,E1,6,11,2,13,深位,224280.0,224309.95076923075,224318.4923076923,38.49230769230053,否
IN0615,B6T0000001823,E1,6,12,2,13,浅位,224280.0,224321.03384615382,224329.57538461537,49.57538461536751,否
IN0615,B6T0000001823,E1,6,12,2,13,深位,224280.0,224332.1169230769,224340.65846153843,60.658461538434494,否
IN0615,B6T0000001823,E1,6,11,16,8,深位,224280.0,224343.19999999995,224357.5569230769,77.55692307688878,否
IN0615,B6T0000001823,E1,6,12,16,8,浅位,224280.0,224365.9138461538,224380.27076923073,100.27076923073037,否
IN0615,B6T0000001823,E1,6,12,16,8,深位,224280.0,224388.62769230764,224402.98461538457,122.98461538457195,否
IN0238,B6T0000000694,E3,6,11,9,10,浅位,225300.0,225300.0,225310.36923076923,10.369230769225396,否
IN0238,B6T0000000694,E3,6,11,9,10,深位,225300.0,225314.73846153845,225325.10769230768,25.10769230767619,否
IN0238,B6T0000000694,E3,6,12,9,38,浅位,225300.0,225329.4769230769,225344.32615384614,44.32615384613746,否
IN0385,B6T0000001178,E3,6,12,9,38,深位,231840.0,231840.0,231854.84923076924,14.849230769235874,否
IN0385,B6T0000001178,E3,6,11,21,6,浅位,231840.0,231863.69846153847,231880.8123076923,40.81230769230751,否
IN0385,B6T0000001178,E3,6,11,20,12,浅位,231840.0,231891.92615384617,231909.38461538462,69.38461538462434,否
IN0385,B6T0000001178,E3,6,11,20,12,深位,231840.0,231920.8430769231,231938.30153846156,98.30153846155736,否
IN0385,B6T0000001178,E3,6,12,20,12,浅位,231840.0,231949.76000000004,231967.2184615385,127.21846153849037,否
IN0385,B6T0000001178,E3,6,12,20,12,深位,231840.0,231978.67692307697,231996.13538461542,156.1353846154234,否
IN0385,B6T0000001178,E3,6,11,11,61,深位,231840.0,232007.5938461539,232027.3538461539,187.35384615391376,否
IN0385,B6T0000001178,E3,6,12,11,61,浅位,231840.0,232041.1138461539,232060.8738461539,220.8738461539033,否
IN0271,B6T0000000817,E3,6,12,11,61,深位,257460.0,257460.0,257479.76,19.760000000009313,否
IN0271,B6T0000000817,E3,6,11,10,65,浅位,257460.0,257493.52,257513.3046153846,53.30461538460804,否
IN0271,B6T0000000817,E3,6,11,10,65,深位,257460.0,257527.08923076923,257546.87384615385,86.87384615384508,否
IN0208,B6T0000000611,E3,6,12,10,65,浅位,258000.0,258000.0,258019.78461538462,19.78461538461852,否
IN0208,B6T0000000611,E3,6,12,10,65,深位,258000.0,258033.56923076924,258053.35384615386,53.35384615385556,否
IN0208,B6T0000000611,E3,6,11,11,62,浅位,258000.0,258067.13846153847,258087.0584615385,87.05846153848688,否
IN0208,B6T0000000611,E3,6,11,11,62,深位,258000.0,258100.97846153847,258120.89846153848,120.89846153848339,否
IN0208,B6T0000000611,E3,6,12,11,62,浅位,258000.0,258134.81846153847,258154.73846153848,154.7384615384799,否
IN0208,B6T0000000611,E3,6,12,11,62,深位,258000.0,258168.65846153846,258188.57846153848,188.5784615384764,否
IN0208,B6T0000000611,E3,6,11,10,66,浅位,258000.0,258202.49846153846,258222.44307692308,222.44307692308212,否
IN0208,B6T0000000611,E3,6,11,10,66,深位,258000.0,258236.3876923077,258256.33230769233,256.33230769232614,否
IN0208,B6T0000000611,E3,6,12,10,66,浅位,258000.0,258270.27692307695,258290.22153846157,290.22153846157016,否
IN0225,B6T0000000647,E3,6,12,10,66,深位,258840.0,258840.0,258859.94461538462,19.94461538462201,否
IN0225,B6T0000000647,E3,6,11,11,63,浅位,258840.0,258873.88923076924,258893.96923076923,53.96923076923122,否
IN0225,B6T0000000647,E3,6,11,11,63,深位,258840.0,258908.04923076925,258928.12923076923,88.12923076923471,否
IN0225,B6T0000000647,E3,6,12,11,63,浅位,258840.0,258942.20923076925,258962.28923076924,122.2892307692382,否
IN0225,B6T0000000647,E3,6,12,11,63,深位,258840.0,258976.36923076925,258996.44923076924,156.4492307692417,否
IN0225,B6T0000000647,E3,6,11,10,67,浅位,258840.0,259010.52923076926,259030.63384615388,190.6338461538835,是
IN0225,B6T0000000647,E3,6,11,10,10,浅位,258840.0,259050.73846153848,259061.72307692308,221.72307692308095,是
IN0119,B6T0000000337,E3,6,11,10,10,深位,259200.0,259200.0,259210.9846153846,10.984615384601057,否
IN0119,B6T0000000337,E3,6,12,10,10,浅位,259200.0,259215.96923076923,259226.95384615383,26.953846153832274,否
IN0119,B6T0000000337,E3,6,11,18,18,浅位,259200.0,259231.93846153846,259249.12615384615,49.12615384615492,否
IN0119,B6T0000000337,E3,6,11,18,18,深位,259200.0,259260.31384615385,259277.50153846154,77.5015384615399,否
IN0119,B6T0000000337,E3,6,11,10,67,深位,259200.0,259288.68923076923,259308.79384615386,108.79384615385788,否
IN0119,B6T0000000337,E3,6,12,10,67,浅位,259200.0,259322.89846153845,259343.00307692308,143.0030769230798,否
IN0191,B6T0000000552,E3,6,12,10,10,深位,260880.0,260880.0,260890.9846153846,10.984615384601057,否
IN0191,B6T0000000552,E3,6,11,14,2,浅位,260880.0,260895.96923076923,260908.1353846154,28.135384615394287,否
IN0191,B6T0000000552,E3,6,11,14,2,深位,260880.0,260914.30153846153,260926.4676923077,46.46769230769132,否
IN0124,B6T0000000356,E3,6,12,14,2,浅位,275280.0,275280.0,275292.16615384613,12.166153846133966,否
IN0124,B6T0000000356,E3,6,12,14,2,深位,275280.0,275298.3323076923,275310.49846153846,30.498461538460106,否
IN0540,B6T0000001605,E1,6,11,4,2,浅位,279780.0,279780.0,279787.39692307694,7.396923076943494,否
IN0540,B6T0000001605,E1,6,11,4,2,深位,279780.0,279788.7938461538,279796.1907692308,16.190769230772275,否
IN0540,B6T0000001605,E1,6,12,8,1,深位,279780.0,279797.58769230766,279806.0553846154,26.05538461537799,否
IN0540,B6T0000001605,E1,6,12,1,15,浅位,279780.0,279808.52307692304,279817.0769230769,37.0769230768783,否
IN0424,B6T0000001296,E3,6,12,12,9,浅位,288000.0,288000.0,288012.0553846154,12.055384615377989,是
IN0424,B6T0000001296,E3,6,12,12,9,深位,288000.0,288049.95692307694,288062.0123076923,62.012307692319155,是
IN0150,B6T0000000440,E3,6,11,15,4,浅位,291600.0,291600.0,291613.1015384615,13.101538461516611,否
IN0150,B6T0000000440,E3,6,12,13,15,浅位,291600.0,291620.2030769231,291633.83384615387,33.833846153866034,否
IN0150,B6T0000000440,E3,6,12,13,15,深位,291600.0,291641.46461538464,291655.0953846154,55.09538461541524,否
IN0259,B6T0000000764,E3,6,12,12,9,浅位,294300.0,294300.0,294312.0553846154,12.055384615377989,否
IN0259,B6T0000000764,E3,6,12,12,9,深位,294300.0,294318.11076923076,294330.16615384613,30.166153846133966,否
IN0034,B6T0000000103,E4,6,11,43,3,浅位,298440.0,298440.0,298470.24923076923,30.249230769230053,否
IN0034,B6T0000000103,E4,6,11,43,3,深位,298440.0,298494.49846153846,298524.7476923077,84.74769230769016,否
IN0034,B6T0000000103,E4,6,11,45,6,浅位,298440.0,298548.9969230769,298581.2646153846,141.264615384629,否
IN0034,B6T0000000103,E4,6,11,43,51,浅位,298440.0,298607.5323076923,298645.4615384615,205.46153846150264,否
IN0158,B6T0000000460,E3,6,12,14,14,深位,299280.0,299280.0,299294.0861538462,14.086153846175876,否
IN0158,B6T0000000460,E3,6,11,16,8,浅位,299280.0,299302.1723076923,299316.5292307692,36.529230769199785,否
IN0523,B6T0000001561,E1,6,11,2,4,浅位,305400.0,305400.0,305407.1015384615,7.101538461516611,否
IN0523,B6T0000001561,E1,6,11,2,4,深位,305400.0,305408.2030769231,305415.3046153846,15.304615384608041,否
IN0583,B6T0000001732,E1,6,12,2,4,浅位,306780.0,306780.0,306787.1015384615,7.101538461516611,否
IN0583,B6T0000001732,E1,6,12,2,4,深位,306780.0,306788.2030769231,306795.3046153846,15.304615384608041,否
IN0583,B6T0000001732,E1,6,12,1,15,深位,306780.0,306796.4061538462,306804.96,24.960000000020955,否
IN0583,B6T0000001732,E1,6,11,4,11,浅位,306780.0,306807.51384615386,306816.3507692308,36.35076923080487,否
IN0081,B6T0000000222,E4,6,11,43,10,浅位,314220.0,314220.0,314251.3692307692,31.369230769225396,否
IN0081,B6T0000000222,E4,6,11,43,10,深位,314220.0,314276.73846153845,314308.1076923077,88.10769230767619,否
IN0081,B6T0000000222,E4,6,12,43,10,浅位,314220.0,314333.4769230769,314364.8461538461,144.84615384612698,否
IN0187,B6T0000000542,E3,6,11,9,9,浅位,316620.0,316620.0,316630.20923076925,10.209230769251008,否
IN0187,B6T0000000542,E3,6,11,9,9,深位,316620.0,316634.41846153844,316644.6276923077,24.627692307694815,否
IN0374,B6T0000001138,E3,6,12,9,9,浅位,316680.0,316680.0,316690.20923076925,10.209230769251008,否
IN0374,B6T0000001138,E3,6,12,9,9,深位,316680.0,316694.41846153844,316704.6276923077,24.627692307694815,否
IN0374,B6T0000001138,E3,6,11,9,12,浅位,316680.0,316708.8369230769,316719.5261538461,39.526153846119996,否
IN0638,B6T0000001937,E1,6,11,2,7,浅位,318360.0,318360.0,318367.58153846156,7.5815384615561925,否
IN0638,B6T0000001937,E1,6,11,2,7,深位,318360.0,318369.16307692305,318376.7446153846,16.74461538461037,否
IN0638,B6T0000001937,E1,6,11,5,8,浅位,318360.0,318378.3261538461,318386.9907692307,26.990769230702426,否
IN0638,B6T0000001937,E1,6,11,5,8,深位,318360.0,318389.65538461535,318398.31999999995,38.31999999994878,否
IN0638,B6T0000001937,E1,6,12,5,8,浅位,318360.0,318400.9846153846,318409.6492307692,49.64923076919513,否
IN0638,B6T0000001937,E1,6,12,5,8,深位,318360.0,318412.31384615385,318420.97846153844,60.97846153844148,否
IN0638,B6T0000001937,E1,6,11,4,11,深位,318360.0,318423.6430769231,318432.48000000004,72.48000000003958,否
IN0638,B6T0000001937,E1,6,12,4,11,浅位,318360.0,318435.3169230769,318444.1538461539,84.15384615387302,否
IN0638,B6T0000001937,E1,6,11,2,15,浅位,318360.0,318446.99076923076,318455.8523076923,95.85230769228656,否
IN0342,B6T0000001047,E3,6,11,9,12,深位,342120.0,342120.0,342130.68923076923,10.689230769232381,否
IN0342,B6T0000001047,E3,6,12,9,12,浅位,342120.0,342135.37846153846,342146.0676923077,26.067692307697143,否
IN0342,B6T0000001047,E3,6,12,12,6,浅位,342120.0,342150.75692307693,342162.3323076923,42.33230769232614,否
IN0078,B6T0000000217,E4,6,12,43,10,深位,342420.0,342420.0,342451.3692307692,31.369230769225396,否
IN0078,B6T0000000217,E4,6,11,45,1,浅位,342420.0,342476.73846153845,342508.2061538462,88.20615384617122,否
IN0078,B6T0000000217,E4,6,11,45,1,深位,342420.0,342533.67384615383,342565.14153846155,145.14153846155386,否
IN0356,B6T0000001101,E3,6,12,12,6,深位,342540.0,342590.6092307692,342602.1846153846,62.1846153846127,否
IN0356,B6T0000001101,E3,6,11,12,7,浅位,342540.0,342607.76,342619.4953846154,79.49538461538032,否
IN0356,B6T0000001101,E3,6,11,12,7,深位,342540.0,342625.23076923075,342636.9661538461,96.96615384612232,否
IN0356,B6T0000001101,E3,6,12,12,7,浅位,342540.0,342642.7015384615,342654.43692307686,114.43692307686433,否
IN0356,B6T0000001101,E3,6,12,12,7,深位,342540.0,342660.17230769224,342671.9076923076,131.90769230760634,否
IN0356,B6T0000001101,E3,6,11,13,5,浅位,342540.0,342677.643076923,342689.6738461538,149.67384615377523,否
IN0356,B6T0000001101,E3,6,11,13,5,深位,342540.0,342695.7046153845,342707.7353846153,167.7353846153128,否
IN0356,B6T0000001101,E3,6,12,13,5,浅位,342540.0,342713.76615384605,342725.79692307685,185.79692307685036,否
IN0356,B6T0000001101,E3,6,12,13,5,深位,342540.0,342731.8276923076,342743.8584615384,203.85846153838793,否
IN0356,B6T0000001101,E3,6,11,13,16,浅位,342540.0,342749.8892307691,342763.6799999999,223.6799999998766,否
IN0356,B6T0000001101,E3,6,11,13,16,深位,342540.0,342771.4707692307,342785.26153846143,245.2615384614328,否
IN0356,B6T0000001101,E3,6,12,13,16,浅位,342540.0,342793.05230769224,342806.843076923,266.843076922989,否
IN0356,B6T0000001101,E3,6,12,13,16,深位,342540.0,342814.6338461538,342828.42461538455,288.4246153845452,否
IN0356,B6T0000001101,E3,6,11,18,2,浅位,342540.0,342836.21538461535,342850.84307692305,310.8430769230472,否
IN0356,B6T0000001101,E3,6,11,22,1,深位,342540.0,342859.47076923074,342876.39999999997,336.3999999999651,否
IN0356,B6T0000001101,E3,6,11,16,34,浅位,342540.0,342887.3292307692,342905.8461538461,365.846153846127,否
IN0356,B6T0000001101,E3,6,12,9,65,深位,342540.0,342918.363076923,342937.5323076922,397.53230769222137,否
IN0356,B6T0000001101,E3,6,11,9,68,浅位,342540.0,342950.7015384615,342970.35076923075,430.35076923074666,否
IN0356,B6T0000001101,E3,6,11,9,68,深位,342540.0,342983.99999999994,343003.6492307692,463.6492307691951,否
IN0356,B6T0000001101,E3,6,12,9,68,浅位,342540.0,343017.2984615384,343036.94769230764,496.9476923076436,否
IN0356,B6T0000001101,E3,6,12,10,67,深位,342540.0,343050.59692307684,343070.70153846144,530.7015384614351,否
IN0356,B6T0000001101,E3,6,11,27,2,浅位,342540.0,343084.8061538461,343104.9723076922,564.9723076922237,否
IN0356,B6T0000001101,E3,6,11,27,2,深位,342540.0,343119.1384615384,343139.30461538455,599.3046153845498,否
IN0356,B6T0000001101,E3,6,12,27,2,浅位,342540.0,343153.47076923074,343173.6369230769,633.636923076876,否
IN0356,B6T0000001101,E3,6,12,27,2,深位,342540.0,343187.80307692307,343207.9692307692,667.9692307692021,否
IN0356,B6T0000001101,E3,6,11,12,60,浅位,342540.0,343222.1353846154,343242.3507692308,702.3507692308049,否
IN0356,B6T0000001101,E3,6,11,12,60,深位,342540.0,343256.56615384616,343276.78153846157,736.7815384615678,否
IN0356,B6T0000001101,E3,6,12,12,60,浅位,342540.0,343290.9969230769,343311.21230769233,771.2123076923308,否
IN0356,B6T0000001101,E3,6,12,12,60,深位,342540.0,343325.4276923077,343345.6430769231,805.6430769230938,否
IN0356,B6T0000001101,E3,6,11,11,64,浅位,342540.0,343359.85846153845,343380.09846153844,840.0984615384368,否
IN0356,B6T0000001101,E3,6,11,11,64,深位,342540.0,343394.3384615384,343414.5784615384,874.5784615384182,否
IN0356,B6T0000001101,E3,6,12,11,64,浅位,342540.0,343428.8184615384,343449.0584615384,909.0584615383996,否
IN0356,B6T0000001101,E3,6,12,11,64,深位,342540.0,343463.2984615384,343483.5384615384,943.538461538381,否
IN0356,B6T0000001101,E3,6,11,10,68,浅位,342540.0,343497.7784615384,343518.043076923,978.0430769230006,否
IN0356,B6T0000001101,E3,6,11,10,68,深位,342540.0,343532.30769230763,343552.57230769226,1012.5723076922586,否
IN0356,B6T0000001101,E3,6,12,10,68,浅位,342540.0,343566.8369230769,343587.1015384615,1047.1015384615166,否
IN0356,B6T0000001101,E3,6,12,10,68,深位,342540.0,343601.36615384615,343621.6307692308,1081.6307692307746,否
IN0356,B6T0000001101,E3,6,11,27,3,深位,342540.0,343635.8953846154,343656.22153846157,1116.2215384615702,否
IN0356,B6T0000001101,E3,6,11,26,7,浅位,342540.0,343670.54769230774,343690.8984615385,1150.8984615384834,否
IN0356,B6T0000001101,E3,6,11,26,7,深位,342540.0,343705.2492307693,343725.60000000003,1185.600000000035,否
IN0356,B6T0000001101,E3,6,12,26,7,浅位,342540.0,343739.95076923084,343760.3015384616,1220.3015384615865,否
IN0356,B6T0000001101,E3,6,12,26,7,深位,342540.0,343774.6523076924,343795.00307692314,1255.003076923138,否
IN0356,B6T0000001101,E3,6,11,12,61,浅位,342540.0,343809.35384615394,343829.7292307693,1289.7292307693278,否
IN0356,B6T0000001101,E3,6,11,12,61,深位,342540.0,343844.1046153847,343864.4800000001,1324.4800000000978,否
IN0356,B6T0000001101,E3,6,12,12,61,浅位,342540.0,343878.8553846155,343899.23076923087,1359.2307692308677,否
IN0356,B6T0000001101,E3,6,12,12,61,深位,342540.0,343913.60615384625,343933.98153846164,1393.9815384616377,否
IN0356,B6T0000001101,E3,6,11,11,65,浅位,342540.0,343948.356923077,343968.75692307705,1428.756923077046,否
IN0356,B6T0000001101,E3,6,11,11,65,深位,342540.0,343983.156923077,344003.55692307703,1463.5569230770343,否
IN0356,B6T0000001101,E3,6,12,11,65,浅位,342540.0,344017.956923077,344038.356923077,1498.3569230770227,否
IN0356,B6T0000001101,E3,6,12,11,65,深位,342540.0,344052.756923077,344073.156923077,1533.156923077011,否
IN0356,B6T0000001101,E3,6,11,26,8,深位,342540.0,344087.556923077,344108.06769230776,1568.0676923077554,否
IN0356,B6T0000001101,E3,6,11,12,62,浅位,342540.0,344122.57846153853,344143.1138461539,1603.113846153894,否
IN0356,B6T0000001101,E3,6,11,12,62,深位,342540.0,344157.6492307693,344178.1846153847,1638.184615384671,否
IN0356,B6T0000001101,E3,6,12,12,62,浅位,342540.0,344192.7200000001,344213.25538461545,1673.2553846154478,否
IN0658,B6T0000001980,E1,6,11,2,15,深位,344220.0,344227.79076923087,344236.6523076924,16.652307692391332,否
IN0658,B6T0000001980,E1,6,12,2,15,浅位,344220.0,344239.5138461539,344248.37538461544,28.37538461544318,否
IN0356,B6T0000001101,E3,6,12,12,62,深位,342540.0,344251.23692307697,344271.7723076923,1731.7723076923285,否
IN0356,B6T0000001101,E3,6,11,11,66,浅位,342540.0,344286.30769230775,344306.86769230774,1766.8676923077437,否
IN0078,B6T0000000217,E4,6,12,45,1,浅位,342420.0,344321.42769230774,344352.89538461546,1932.8953846154618,否
IN0078,B6T0000000217,E4,6,11,43,51,深位,342420.0,344378.3630769231,344416.29230769235,1996.292307692347,否
IN0078,B6T0000000217,E4,6,12,43,51,浅位,342420.0,344448.22153846157,344486.1507692308,2066.1507692307932,否
IN0078,B6T0000000217,E4,6,12,43,51,深位,342420.0,344518.08,344556.00923076924,2136.0092307692394,否
IN0623,B6T0000001844,E1,6,12,2,15,深位,344520.0,344587.93846153846,344596.8,76.79999999998836,否
IN0623,B6T0000001844,E1,6,12,2,46,浅位,344520.0,344599.6615384615,344613.48307692306,93.48307692306116,否
IN0623,B6T0000001844,E1,6,12,2,46,深位,344520.0,344621.3046153846,344635.12615384615,115.12615384615492,否
IN0623,B6T0000001844,E1,6,12,5,46,浅位,344520.0,344642.9476923077,344657.6923076923,137.69230769231217,否
IN0623,B6T0000001844,E1,6,12,5,46,深位,344520.0,344666.4369230769,344681.18153846153,161.1815384615329,否
IN0623,B6T0000001844,E1,6,12,2,59,深位,344520.0,344689.92615384614,344705.8276923077,185.82769230770646,否
IN0623,B6T0000001844,E1,6,11,1,61,浅位,344520.0,344715.7292307692,344731.64307692304,211.64307692303555,否
IN0623,B6T0000001844,E1,6,11,1,61,深位,344520.0,344741.5569230769,344757.47076923074,237.470769230742,否
IN0623,B6T0000001844,E1,6,12,1,61,浅位,344520.0,344767.3846153846,344783.29846153845,263.29846153844846,否
IN0623,B6T0000001844,E1,6,12,1,61,深位,344520.0,344793.21230769233,344809.12615384615,289.1261538461549,否
IN0623,B6T0000001844,E1,6,11,3,58,浅位,344520.0,344819.04000000004,344835.08923076926,315.08923076925566,否
IN0623,B6T0000001844,E1,6,11,3,58,深位,344520.0,344845.1384615385,344861.1876923077,341.1876923076925,否
IN0623,B6T0000001844,E1,6,12,3,58,浅位,344520.0,344871.2369230769,344887.28615384613,367.2861538461293,否
IN0623,B6T0000001844,E1,6,12,3,58,深位,344520.0,344897.33538461535,344913.38461538457,393.38461538456613,否
IN0623,B6T0000001844,E1,6,11,2,60,浅位,344520.0,344923.4338461538,344939.4953846153,419.4953846153221,否
IN0623,B6T0000001844,E1,6,11,2,60,深位,344520.0,344949.55692307686,344965.6184615384,445.61846153839724,否
IN0623,B6T0000001844,E1,6,12,2,60,浅位,344520.0,344975.67999999993,344991.7415384615,471.7415384614724,否
IN0623,B6T0000001844,E1,6,12,2,60,深位,344520.0,345001.803076923,345017.86461538455,497.8646153845475,否
IN0623,B6T0000001844,E1,6,11,1,62,浅位,344520.0,345027.9261538461,345043.99999999994,523.9999999999418,否
IN0623,B6T0000001844,E1,6,11,1,62,深位,344520.0,345054.0738461538,345070.14769230766,550.1476923076552,否
IN0623,B6T0000001844,E1,6,12,1,62,浅位,344520.0,345080.2215384615,345096.29538461537,576.2953846153687,否
IN0623,B6T0000001844,E1,6,12,1,62,深位,344520.0,345106.3692307692,345122.4430769231,602.4430769230821,否
IN0623,B6T0000001844,E1,6,11,4,57,浅位,344520.0,345132.51692307694,345148.71384615387,628.7138461538707,否
IN0623,B6T0000001844,E1,6,11,4,57,深位,344520.0,345158.9107692308,345175.10769230773,655.1076923077344,否
IN0623,B6T0000001844,E1,6,12,4,57,浅位,344520.0,345185.30461538467,345201.5015384616,681.5015384615981,否
IN0623,B6T0000001844,E1,6,12,4,57,深位,344520.0,345211.69846153853,345227.89538461546,707.8953846154618,否
IN0623,B6T0000001844,E1,6,11,3,59,浅位,344520.0,345238.0923076924,345254.30153846164,734.3015384616447,否
IN0623,B6T0000001844,E1,6,11,3,59,深位,344520.0,345264.51076923084,345280.7200000001,760.7200000000885,否
IN0111,B6T0000000322,E3,6,11,12,9,深位,349380.0,349380.0,349392.0553846154,12.055384615377989,否
IN0111,B6T0000000322,E3,6,11,12,10,浅位,349380.0,349398.11076923076,349410.32615384617,30.326153846166562,否
IN0111,B6T0000000322,E3,6,11,12,10,深位,349380.0,349416.5415384615,349428.75692307693,48.756923076929525,否
IN0111,B6T0000000322,E3,6,12,12,10,浅位,349380.0,349434.9723076923,349447.1876923077,67.18769230769249,否
IN0111,B6T0000000322,E3,6,12,12,10,深位,349380.0,349453.40307692304,349465.61846153846,85.61846153845545,否
IN0346,B6T0000001064,E3,6,12,15,1,浅位,355800.0,355800.0,355812.62153846154,12.621538461535238,否
IN0346,B6T0000001064,E3,6,12,15,1,深位,355800.0,355819.24307692307,355831.8646153846,31.864615384605713,否
IN0346,B6T0000001064,E3,6,12,15,4,深位,355800.0,355838.48615384614,355851.58769230766,51.58769230765756,否
IN0582,B6T0000001729,E1,6,11,1,9,深位,356100.0,356100.0,356107.5938461538,7.59384615381714,否
IN0582,B6T0000001729,E1,6,12,5,2,深位,356100.0,356109.1876923077,356116.8923076923,16.89230769232381,否
IN0582,B6T0000001729,E1,6,11,5,2,浅位,356100.0,356118.5969230769,356126.3015384615,26.301538461528253,否
IN0582,B6T0000001729,E1,6,11,5,2,深位,356100.0,356128.0061538461,356135.71076923073,35.710769230732694,否
IN0582,B6T0000001729,E1,6,12,1,10,深位,356100.0,356137.4153846153,356145.16923076916,45.16923076915555,否
IN0582,B6T0000001729,E1,6,11,4,5,深位,356100.0,356146.923076923,356154.79999999993,54.79999999993015,否
IN0258,B6T0000000758,E3,6,12,15,5,深位,359040.0,359040.0,359053.26153846155,13.261538461549208,否
IN0258,B6T0000000758,E3,6,11,12,29,浅位,359040.0,359060.5230769231,359075.7784615385,35.778461538488045,否
IN0258,B6T0000000758,E3,6,12,24,3,浅位,359040.0,359085.0338461539,359103.51384615386,63.51384615385905,否
IN0258,B6T0000000758,E3,6,12,24,3,深位,359040.0,359115.9938461539,359134.4738461539,94.47384615388,否
IN0258,B6T0000000758,E3,6,12,9,65,浅位,359040.0,359146.9538461539,359166.12307692313,126.12307692313334,否
IN0258,B6T0000000758,E3,6,11,11,66,深位,359040.0,359179.2923076924,359199.8523076924,159.85230769240297,否
IN0258,B6T0000000758,E3,6,12,11,66,浅位,359040.0,359214.4123076924,359234.9723076924,194.97230769239832,否
IN0258,B6T0000000758,E3,6,12,11,66,深位,359040.0,359249.5323076924,359270.0923076924,230.09230769239366,否
IN0258,B6T0000000758,E3,6,11,15,51,浅位,359040.0,359284.6523076924,359305.2738461539,265.27384615392657,否
IN0258,B6T0000000758,E3,6,11,15,51,深位,359040.0,359319.89538461546,359340.516923077,300.51692307699705,否
IN0258,B6T0000000758,E3,6,11,13,59,浅位,359040.0,359355.13846153853,359375.8092307693,335.80923076928593,否
IN0258,B6T0000000758,E3,6,11,13,59,深位,359040.0,359390.4800000001,359411.15076923085,371.15076923085144,否
IN0258,B6T0000000758,E3,6,12,13,59,浅位,359040.0,359425.82153846166,359446.4923076924,406.49230769241694,否
IN0258,B6T0000000758,E3,6,12,13,59,深位,359040.0,359461.1630769232,359481.833846154,441.83384615398245,否
IN0258,B6T0000000758,E3,6,11,19,36,深位,359040.0,359496.5046153848,359517.18769230787,477.1876923078671,否
IN0258,B6T0000000758,E3,6,11,12,63,浅位,359040.0,359531.87076923094,359552.56615384633,512.5661538463319,否
IN0258,B6T0000000758,E3,6,11,12,63,深位,359040.0,359567.2615384617,359587.9569230771,547.9569230771158,否
IN0258,B6T0000000758,E3,6,12,12,63,浅位,359040.0,359602.6523076925,359623.3476923079,583.3476923078997,否
IN0362,B6T0000001112,E3,6,12,12,63,深位,359040.0,359638.0430769233,359658.7384615387,618.7384615386836,否
IN0362,B6T0000001112,E3,6,11,11,67,浅位,359040.0,359673.4338461541,359694.15384615405,654.1538461540476,否
IN0362,B6T0000001112,E3,6,11,11,67,深位,359040.0,359708.8738461541,359729.59384615405,689.59384615405,否
IN0006,B6T0000000007,E4,6,12,43,3,浅位,363720.0,363720.0,363750.24923076923,30.249230769230053,否
IN0006,B6T0000000007,E4,6,12,43,3,深位,363720.0,363774.49846153846,363804.7476923077,84.74769230769016,否
IN0006,B6T0000000007,E4,6,11,44,1,浅位,363720.0,363828.9969230769,363859.6953846154,139.69538461539196,否
IN0006,B6T0000000007,E4,6,11,44,1,深位,363720.0,363884.39384615386,363915.09230769234,195.09230769233545,否
IN0006,B6T0000000007,E4,6,12,44,1,浅位,363720.0,363939.7907692308,363970.4892307693,250.48923076927895,否
IN0006,B6T0000000007,E4,6,12,44,1,深位,363720.0,363995.18769230775,364025.8861538462,305.88615384622244,否
IN0006,B6T0000000007,E4,6,11,45,41,浅位,363720.0,364050.5846153847,364088.4523076924,368.4523076923797,否
IN0006,B6T0000000007,E4,6,11,45,41,深位,363720.0,364120.32000000007,364158.18769230775,438.1876923077507,否
IN0006,B6T0000000007,E4,6,11,44,47,浅位,363720.0,364190.05538461544,364228.1138461539,508.113846153894,否
IN0006,B6T0000000007,E4,6,11,44,47,深位,363720.0,364260.17230769235,364298.2307692308,578.2307692308095,否
IN0006,B6T0000000007,E4,6,12,44,47,浅位,363720.0,364330.28923076927,364368.3476923077,648.3476923077251,否
IN0006,B6T0000000007,E4,6,12,44,47,深位,363720.0,364400.4061538462,364438.46461538464,718.4646153846406,否
IN0006,B6T0000000007,E4,6,11,43,52,浅位,363720.0,364470.5230769231,364508.61230769235,788.6123076923541,否
IN0006,B6T0000000007,E4,6,11,43,52,深位,363720.0,364540.70153846155,364578.7907692308,858.7907692308072,否
IN0006,B6T0000000007,E4,6,12,43,52,浅位,363720.0,364610.88,364648.96923076926,928.9692307692603,否
IN0134,B6T0000000395,E3,6,12,11,67,浅位,366180.0,366180.0,366200.72,20.71999999997206,否
IN0134,B6T0000000395,E3,6,12,11,67,深位,366180.0,366215.44,366236.16,56.15999999997439,否
IN0134,B6T0000000395,E3,6,11,13,60,浅位,366180.0,366250.88,366271.7107692308,91.7107692307909,否
IN0134,B6T0000000395,E3,6,11,13,60,深位,366180.0,366286.5415384615,366307.3723076923,127.37230769230518,否
IN0134,B6T0000000395,E3,6,12,13,60,浅位,366180.0,366322.20307692303,366343.0338461538,163.03384615381947,否
IN0134,B6T0000000395,E3,6,12,13,60,深位,366180.0,366357.86461538455,366378.69538461533,198.69538461533375,否
IN0134,B6T0000000395,E3,6,11,12,64,浅位,366180.0,366393.52615384606,366414.3815384614,234.38153846142814,否
IN0134,B6T0000000395,E3,6,11,12,64,深位,366180.0,366429.23692307685,366450.0923076922,270.09230769221904,否
IN0134,B6T0000000395,E3,6,12,12,64,浅位,366180.0,366464.94769230764,366485.803076923,305.80307692300994,否
IN0134,B6T0000000395,E3,6,12,12,64,深位,366180.0,366500.65846153843,366521.5138461538,341.51384615380084,否
IN0134,B6T0000000395,E3,6,11,11,68,浅位,366180.0,366536.3692307692,366557.24923076923,377.24923076923005,否
IN0134,B6T0000000395,E3,6,11,11,68,深位,366180.0,366572.12923076923,366593.00923076924,413.00923076923937,否
IN0134,B6T0000000395,E3,6,12,11,68,浅位,366180.0,366607.88923076924,366628.76923076925,448.7692307692487,否
IN0134,B6T0000000395,E3,6,12,11,68,深位,366180.0,366643.64923076925,366664.52923076926,484.529230769258,否
IN0134,B6T0000000395,E3,6,12,14,57,浅位,366180.0,366679.40923076926,366700.37538461544,520.3753846154432,否
IN0134,B6T0000000395,E3,6,12,14,57,深位,366180.0,366715.34153846157,366736.30769230775,556.307692307746,否
IN0134,B6T0000000395,E3,6,11,13,61,浅位,366180.0,366751.27384615387,366772.2646153846,592.264615384629,否
IN0134,B6T0000000395,E3,6,11,13,61,深位,366180.0,366787.2553846154,366808.24615384615,628.2461538461503,否
IN0134,B6T0000000395,E3,6,12,13,61,浅位,366180.0,366823.2369230769,366844.2276923077,664.2276923076715,否
IN0134,B6T0000000395,E3,6,12,13,61,深位,366180.0,366859.21846153843,366880.2092307692,700.2092307691928,否
IN0134,B6T0000000395,E3,6,11,12,65,浅位,366180.0,366895.19999999995,366916.21538461535,736.2153846153524,否
IN0075,B6T0000000209,E4,6,11,43,1,浅位,380760.0,380760.0,380789.9292307692,29.929230769223068,否
IN0075,B6T0000000209,E4,6,11,43,1,深位,380760.0,380813.85846153845,380843.78769230767,83.7876923076692,否
IN0586,B6T0000001742,E1,6,11,4,6,深位,383580.0,383580.0,383588.0369230769,8.036923076899257,否
IN0586,B6T0000001742,E1,6,11,2,10,深位,383580.0,383590.07384615386,383598.1353846154,18.135384615394287,否
IN0586,B6T0000001742,E1,6,11,3,9,浅位,383580.0,383600.19692307693,383608.4061538462,28.40615384618286,否
IN0586,B6T0000001742,E1,6,11,3,9,深位,383580.0,383610.6153846154,383618.8246153846,38.82461538462667,否
IN0586,B6T0000001742,E1,6,12,3,9,浅位,383580.0,383621.0338461538,383629.24307692307,49.243076923070475,否
IN0586,B6T0000001742,E1,6,12,3,9,深位,383580.0,383631.45230769226,383639.6615384615,59.66153846151428,否
IN0586,B6T0000001742,E1,6,11,8,1,浅位,383580.0,383641.8707692307,383650.3384615384,70.33846153842751,否
IN0586,B6T0000001742,E1,6,11,8,1,深位,383580.0,383652.8061538461,383661.2738461538,81.27384615381015,否
IN0052,B6T0000000143,E4,6,12,43,1,浅位,384720.0,384720.0,384749.9292307692,29.929230769223068,否
IN0052,B6T0000000143,E4,6,12,43,1,深位,384720.0,384773.85846153845,384803.78769230767,83.7876923076692,否
IN0052,B6T0000000143,E4,6,12,43,52,深位,384720.0,384827.7169230769,384865.80615384615,145.80615384614794,否
IN0151,B6T0000000445,E3,6,12,12,9,浅位,388620.0,388620.0,388632.0553846154,12.055384615377989,否
IN0151,B6T0000000445,E3,6,12,12,9,深位,388620.0,388638.11076923076,388650.16615384613,30.166153846133966,否
IN0151,B6T0000000445,E3,6,11,15,4,浅位,388620.0,388656.2215384615,388669.323076923,49.323076923028566,否
IN0151,B6T0000000445,E3,6,12,13,15,浅位,388620.0,388676.4246153846,388690.0553846154,70.05538461537799,否
IN0151,B6T0000000445,E3,6,11,15,14,浅位,388620.0,388697.68615384615,388712.3876923077,92.38769230770413,否
IN0151,B6T0000000445,E3,6,11,15,14,深位,388620.0,388721.08923076926,388735.7907692308,115.7907692308072,否
IN0151,B6T0000000445,E3,6,12,15,14,浅位,388620.0,388744.49230769236,388759.1938461539,139.19384615391027,否
IN0151,B6T0000000445,E3,6,12,15,14,深位,388620.0,388767.89538461546,388782.596923077,162.59692307701334,否
IN0151,B6T0000000445,E3,6,11,12,65,深位,388620.0,388791.29846153856,388812.31384615396,192.31384615396382,否
IN0151,B6T0000000445,E3,6,12,12,65,浅位,388620.0,388827.32923076936,388848.34461538476,228.3446153847617,否
IN0151,B6T0000000445,E3,6,12,12,65,深位,388620.0,388863.36000000016,388884.37538461556,264.3753846155596,否
IN0151,B6T0000000445,E3,6,11,14,58,浅位,388620.0,388899.39076923096,388920.5169230771,300.51692307711346,否
IN0151,B6T0000000445,E3,6,11,14,58,深位,388620.0,388935.64307692327,388956.7692307694,336.7692307694233,否
IN0151,B6T0000000445,E3,6,12,14,58,浅位,388620.0,388971.8953846156,388993.02153846173,373.02153846173314,否
IN0151,B6T0000000445,E3,6,12,14,58,深位,388620.0,389008.1476923079,389029.27384615404,409.273846154043,否
IN0151,B6T0000000445,E3,6,11,13,62,浅位,388620.0,389044.4000000002,389065.550769231,445.55076923099114,否
IN0151,B6T0000000445,E3,6,11,13,62,深位,388620.0,389080.7015384617,389101.8523076925,481.8523076925194,否
IN0151,B6T0000000445,E3,6,12,13,62,浅位,388620.0,389117.00307692325,389138.15384615405,518.1538461540476,否
IN0151,B6T0000000445,E3,6,12,13,62,深位,388620.0,389153.3046153848,389174.4553846156,554.4553846155759,否
IN0151,B6T0000000445,E3,6,12,26,12,深位,388620.0,389189.6061538463,389210.7569230771,590.7569230771041,否
IN0151,B6T0000000445,E3,6,11,12,66,浅位,388620.0,389225.90769230784,389247.0830769232,627.0830769232125,否
IN0151,B6T0000000445,E3,6,11,12,66,深位,388620.0,389262.2584615386,389283.43384615396,663.4338461539592,否
IN0151,B6T0000000445,E3,6,12,12,66,浅位,388620.0,389298.60923076933,389319.7846153847,699.7846153847058,否
IN0151,B6T0000000445,E3,6,12,12,66,深位,388620.0,389334.9600000001,389356.13538461545,736.1353846154525,否
IN0151,B6T0000000445,E3,6,12,28,5,深位,388620.0,389371.3107692308,389392.5723076924,772.572307692375,否
IN0151,B6T0000000445,E3,6,11,14,59,浅位,388620.0,389407.8338461539,389429.12000000005,809.1200000000536,否
IN0151,B6T0000000445,E3,6,11,14,59,深位,388620.0,389444.40615384624,389465.69230769237,845.6923076923704,否
IN0151,B6T0000000445,E3,6,12,14,59,浅位,388620.0,389480.97846153856,389502.2646153847,882.2646153846872,否
IN0151,B6T0000000445,E3,6,12,14,59,深位,388620.0,389517.5507692309,389538.836923077,918.836923077004,否
IN0151,B6T0000000445,E3,6,11,13,63,浅位,388620.0,389554.1230769232,389575.43384615396,955.4338461539592,否
IN0151,B6T0000000445,E3,6,11,13,63,深位,388620.0,389590.7446153847,389612.0553846155,992.0553846154944,否
IN0508,B6T0000001529,E1,6,11,3,11,浅位,391080.0,391080.0,391088.52923076926,8.529230769257993,否
IN0508,B6T0000001529,E1,6,11,3,11,深位,391080.0,391091.05846153846,391099.5876923077,19.58769230771577,否
IN0508,B6T0000001529,E1,6,12,3,11,浅位,391080.0,391102.1169230769,391110.6461538462,30.646153846173547,否
IN0508,B6T0000001529,E1,6,12,3,11,深位,391080.0,391113.1753846154,391121.70461538463,41.704615384631325,否
IN0508,B6T0000001529,E1,6,11,1,15,深位,391080.0,391124.23384615383,391132.78769230767,52.787692307669204,否
IN0436,B6T0000001323,E1,6,11,8,2,浅位,392280.0,392280.0,392288.6276923077,8.627692307694815,否
IN0436,B6T0000001323,E1,6,11,8,2,深位,392280.0,392291.2553846154,392299.8830769231,19.883076923084445,否
IN0620,B6T0000001838,E1,6,12,8,2,浅位,392400.0,392400.0,392408.6276923077,8.627692307694815,否
IN0620,B6T0000001838,E1,6,12,8,2,深位,392400.0,392411.2553846154,392419.8830769231,19.883076923084445,否
IN0620,B6T0000001838,E1,6,12,8,3,深位,392400.0,392422.5107692308,392431.29846153845,31.298461538448464,否
IN0620,B6T0000001838,E1,6,12,1,18,深位,392400.0,392434.0861538462,392443.12,43.11999999999534,否
IN0620,B6T0000001838,E1,6,11,8,5,深位,392400.0,392446.1538461539,392455.26153846155,55.26153846154921,否
IN0620,B6T0000001838,E1,6,12,3,17,浅位,392400.0,392458.3692307693,392467.8584615385,67.85846153850434,否
IN0620,B6T0000001838,E1,6,11,4,27,浅位,392400.0,392471.3476923077,392482.74461538467,82.74461538466858,否
IN0620,B6T0000001838,E1,6,11,4,27,深位,392400.0,392488.14153846155,392499.5384615385,99.53846153849736,否
IN0620,B6T0000001838,E1,6,12,4,27,浅位,392400.0,392504.9353846154,392516.3323076923,116.33230769232614,否
IN0620,B6T0000001838,E1,6,12,3,59,浅位,392400.0,392521.7292307692,392537.93846153846,137.93846153846243,否
IN0250,B6T0000000735,E3,6,12,11,61,深位,397020.0,397020.0,397039.76,19.760000000009313,否
IN0250,B6T0000000735,E3,6,11,10,65,浅位,397020.0,397053.52,397073.3046153846,53.30461538460804,否
IN0250,B6T0000000735,E3,6,11,10,65,深位,397020.0,397087.08923076926,397106.87384615385,86.87384615384508,否
IN0250,B6T0000000735,E3,6,12,13,63,浅位,397020.0,397120.6584615385,397141.96923076926,121.96923076926032,否
IN0250,B6T0000000735,E3,6,12,13,63,深位,397020.0,397157.28,397178.5907692308,158.59076923079556,否
IN0250,B6T0000000735,E3,6,11,12,67,浅位,397020.0,397193.90153846156,397215.23692307697,195.2369230769691,否
IN0250,B6T0000000735,E3,6,11,12,67,深位,397020.0,397230.5723076923,397251.9076923077,231.90769230772275,否
IN0250,B6T0000000735,E3,6,12,12,67,浅位,397020.0,397267.24307692307,397288.5784615385,268.5784615384764,否
IN0250,B6T0000000735,E3,6,12,12,67,深位,397020.0,397303.9138461538,397325.24923076923,305.24923076923005,否
IN0250,B6T0000000735,E3,6,12,16,52,深位,397020.0,397340.5846153846,397361.9815384615,341.98153846152127,否
IN0250,B6T0000000735,E3,6,11,14,60,浅位,397020.0,397377.3784615384,397398.82461538457,378.82461538456846,否
IN0250,B6T0000000735,E3,6,11,14,60,深位,397020.0,397414.27076923073,397435.7169230769,415.7169230768923,否
IN0250,B6T0000000735,E3,6,12,14,60,浅位,397020.0,397451.16307692305,397472.6092307692,452.6092307692161,否
IN0250,B6T0000000735,E3,6,12,14,60,深位,397020.0,397488.0553846154,397509.50153846154,489.5015384615399,否
IN0470,B6T0000001415,E1,6,12,4,4,浅位,404460.0,404460.0,404467.71692307695,7.716923076950479,否
IN0470,B6T0000001415,E1,6,12,4,4,深位,404460.0,404469.43384615384,404477.1507692308,17.15076923079323,否
IN0470,B6T0000001415,E1,6,11,2,13,浅位,404460.0,404478.8676923077,404487.4092307692,27.40923076920444,否
IN0470,B6T0000001415,E1,6,11,2,13,深位,404460.0,404489.9507692308,404498.4923076923,38.49230769230053,否
IN0470,B6T0000001415,E1,6,12,2,13,浅位,404460.0,404501.0338461539,404509.5753846154,49.575384615396615,否
IN0470,B6T0000001415,E1,6,12,2,13,深位,404460.0,404512.116923077,404520.6584615385,60.6584615384927,否
IN0470,B6T0000001415,E1,6,12,12,9,浅位,404460.0,404523.20000000007,404535.25538461545,75.25538461544784,否
IN0470,B6T0000001415,E1,6,12,16,2,深位,404460.0,404541.3107692308,404554.70769230777,94.70769230776932,否
IN0470,B6T0000001415,E1,6,11,14,14,浅位,404460.0,404562.10461538465,404576.19076923083,116.19076923083048,否
IN0470,B6T0000001415,E1,6,11,14,14,深位,404460.0,404584.27692307695,404598.3630769231,138.36307692312403,否
IN0470,B6T0000001415,E1,6,12,3,59,深位,404460.0,404606.44923076924,404622.6584615385,162.6584615384927,否
IN0470,B6T0000001415,E1,6,11,2,61,浅位,404460.0,404632.8676923077,404649.0892307692,189.08923076919746,否
IN0470,B6T0000001415,E1,6,11,2,61,深位,404460.0,404659.31076923077,404675.5323076923,215.53230769227957,否
IN0470,B6T0000001415,E1,6,12,2,61,浅位,404460.0,404685.75384615385,404701.97538461536,241.9753846153617,否
IN0470,B6T0000001415,E1,6,12,2,61,深位,404460.0,404712.19692307693,404728.41846153844,268.4184615384438,否
IN0394,B6T0000001196,E3,6,11,13,64,浅位,429960.0,429960.0,429981.47076923074,21.470769230742007,否
IN0394,B6T0000001196,E3,6,11,13,64,深位,429960.0,429996.94153846154,430018.4123076923,58.41230769228423,否
IN0394,B6T0000001196,E3,6,12,13,64,浅位,429960.0,430033.8830769231,430055.3538461538,95.35384615382645,否
IN0394,B6T0000001196,E3,6,12,13,64,深位,429960.0,430070.8246153846,430092.29538461537,132.29538461536868,否
IN0394,B6T0000001196,E3,6,11,12,68,浅位,429960.0,430107.76615384617,430129.26153846155,169.2615384615492,否
IN0394,B6T0000001196,E3,6,11,12,68,深位,429960.0,430144.75692307693,430166.2523076923,206.25230769230984,否
IN0394,B6T0000001196,E3,6,12,12,68,浅位,429960.0,430181.7476923077,430203.24307692307,243.24307692307048,否
IN0394,B6T0000001196,E3,6,12,12,68,深位,429960.0,430218.73846153845,430240.23384615383,280.2338461538311,否
IN0394,B6T0000001196,E3,6,12,25,18,深位,429960.0,430255.7292307692,430277.2246153846,317.22461538459174,否
IN0394,B6T0000001196,E3,6,11,15,57,浅位,429960.0,430292.72,430314.3015384615,354.30153846152825,否
IN0394,B6T0000001196,E3,6,11,15,57,深位,429960.0,430329.883076923,430351.4646153846,391.46461538458243,否
IN0394,B6T0000001196,E3,6,12,15,57,浅位,429960.0,430367.0461538461,430388.62769230764,428.6276923076366,否
IN0394,B6T0000001196,E3,6,12,15,57,深位,429960.0,430404.20923076913,430425.7907692307,465.7907692306908,否
IN0394,B6T0000001196,E3,6,11,14,61,浅位,429960.0,430441.3723076922,430462.9784615383,502.97846153832506,否
IN0394,B6T0000001196,E3,6,11,14,61,深位,429960.0,430478.5846153845,430500.19076923066,540.1907692306559,否
IN0394,B6T0000001196,E3,6,12,14,61,浅位,429960.0,430515.79692307685,430537.403076923,577.4030769229867,否
IN0394,B6T0000001196,E3,6,12,14,61,深位,429960.0,430553.0092307692,430574.6153846153,614.6153846153175,否
IN0394,B6T0000001196,E3,6,11,20,38,深位,429960.0,430590.2215384615,430611.83999999997,651.8399999999674,否
IN0394,B6T0000001196,E3,6,11,13,65,浅位,429960.0,430627.4584615384,430649.0892307692,689.0892307691975,否
IN0394,B6T0000001196,E3,6,11,13,65,深位,429960.0,430664.72,430686.35076923075,726.3507692307467,否
IN0394,B6T0000001196,E3,6,12,13,65,浅位,429960.0,430701.9815384615,430723.6123076923,763.6123076922959,否
IN0394,B6T0000001196,E3,6,12,13,65,深位,429960.0,430739.24307692307,430760.87384615385,800.8738461538451,否
IN0394,B6T0000001196,E3,6,11,15,58,浅位,429960.0,430776.5046153846,430798.24615384615,838.2461538461503,否
IN0394,B6T0000001196,E3,6,11,15,58,深位,429960.0,430813.9876923077,430835.7292307692,875.7292307692114,否
IN0394,B6T0000001196,E3,6,12,15,58,浅位,429960.0,430851.47076923074,430873.2123076923,913.2123076922726,否
IN0394,B6T0000001196,E3,6,12,15,58,深位,429960.0,430888.9538461538,430910.69538461533,950.6953846153338,否
IN0394,B6T0000001196,E3,6,11,14,62,浅位,429960.0,430926.43692307686,430948.20307692303,988.2030769230332,否
IN0394,B6T0000001196,E3,6,11,14,62,深位,429960.0,430963.96923076914,430985.7353846153,1025.7353846153128,否
IN0394,B6T0000001196,E3,6,12,14,62,浅位,429960.0,431001.5015384614,431023.2676923076,1063.2676923075924,否
IN0394,B6T0000001196,E3,6,12,14,62,深位,429960.0,431039.0338461537,431060.7999999999,1100.799999999872,否
IN0394,B6T0000001196,E3,6,11,20,39,浅位,429960.0,431076.566153846,431098.34461538447,1138.3446153844707,否
IN0394,B6T0000001196,E3,6,11,20,39,深位,429960.0,431114.1230769229,431135.9015384614,1175.9015384613886,否
IN0394,B6T0000001196,E3,6,11,13,66,浅位,429960.0,431151.6799999998,431173.47076923057,1213.4707692305674,否
IN0394,B6T0000001196,E3,6,11,13,66,深位,429960.0,431189.2615384614,431211.0523076921,1251.0523076921236,否
IN0394,B6T0000001196,E3,6,12,13,66,浅位,429960.0,431226.84307692293,431248.6338461537,1288.6338461536798,否
IN0394,B6T0000001196,E3,6,12,13,66,深位,429960.0,431264.4246153845,431286.21538461524,1326.215384615236,否
IN0394,B6T0000001196,E3,6,11,15,59,浅位,429960.0,431302.00615384604,431323.9076923076,1363.9076923076063,否
IN0394,B6T0000001196,E3,6,11,15,59,深位,429960.0,431339.8092307691,431361.7107692307,1401.7107692306745,否
IN0394,B6T0000001196,E3,6,12,15,59,浅位,429960.0,431377.6123076922,431399.51384615374,1439.5138461537426,否
IN0394,B6T0000001196,E3,6,12,15,59,深位,429960.0,431415.41538461525,431437.3169230768,1477.3169230768108,否
IN0394,B6T0000001196,E3,6,11,14,63,浅位,429960.0,431453.2184615383,431475.14461538446,1515.144615384459,否
IN0394,B6T0000001196,E3,6,11,14,63,深位,429960.0,431491.0707692306,431512.99692307675,1552.9969230767456,否
IN0394,B6T0000001196,E3,6,12,14,63,浅位,429960.0,431528.9230769229,431550.84923076903,1590.8492307690321,否
IN0394,B6T0000001196,E3,6,12,14,63,深位,429960.0,431566.7753846152,431588.7015384613,1628.7015384613187,否
IN0394,B6T0000001196,E3,6,11,13,67,浅位,429960.0,431604.62769230746,431626.57846153824,1666.5784615382436,否
IN0394,B6T0000001196,E3,6,11,13,67,深位,429960.0,431642.529230769,431664.4799999998,1704.4799999998068,否
IN0394,B6T0000001196,E3,6,12,13,67,浅位,429960.0,431680.4307692306,431702.38153846137,1742.38153846137,否
IN0394,B6T0000001196,E3,6,12,13,67,深位,429960.0,431718.33230769215,431740.28307692293,1780.283076922933,否
IN0394,B6T0000001196,E3,6,11,16,56,浅位,429960.0,431756.2338461537,431778.2707692306,1818.270769230614,否
IN0394,B6T0000001196,E3,6,11,16,56,深位,429960.0,431794.3076923076,431816.34461538447,1856.3446153844707,否
IN0394,B6T0000001196,E3,6,12,16,56,浅位,429960.0,431832.3815384614,431854.4184615383,1894.4184615383274,否
IN0394,B6T0000001196,E3,6,12,16,56,深位,429960.0,431870.4553846153,431892.4923076922,1932.492307692184,否
IN0394,B6T0000001196,E3,6,11,15,60,浅位,429960.0,431908.52923076914,431930.5907692307,1970.5907692306791,否
IN0394,B6T0000001196,E3,6,11,15,60,深位,429960.0,431946.6523076922,431968.71384615375,2008.7138461537543,否
IN0394,B6T0000001196,E3,6,12,15,60,浅位,429960.0,431984.7753846153,432006.83692307683,2046.8369230768294,否
IN0394,B6T0000001196,E3,6,12,15,60,深位,429960.0,432022.89846153837,432044.9599999999,2084.9599999999045,是
IN0469,B6T0000001412,E1,6,11,2,2,浅位,434280.0,434280.0,434286.7815384615,6.781538461509626,是
IN0469,B6T0000001412,E1,6,11,1,16,浅位,434280.0,434300.73846153845,434309.4523076923,29.452307692321483,是
IN0639,B6T0000001938,E1,6,12,8,2,浅位,439680.0,439680.0,439688.6276923077,8.627692307694815,否
IN0639,B6T0000001938,E1,6,12,8,2,深位,439680.0,439691.2553846154,439699.8830769231,19.883076923084445,否
IN0639,B6T0000001938,E1,6,11,10,1,浅位,439680.0,439702.5107692308,439712.0553846154,32.05538461537799,否
IN0639,B6T0000001938,E1,6,11,10,1,深位,439680.0,439715.60000000003,439725.14461538463,45.14461538463365,否
IN0308,B6T0000000931,E3,6,12,10,1,浅位,441780.0,441780.0,441789.5446153846,9.544615384598728,否
IN0308,B6T0000000931,E3,6,12,10,1,深位,441780.0,441793.08923076926,441802.63384615385,22.633846153854392,否
IN0308,B6T0000000931,E3,6,12,11,1,深位,441780.0,441806.1784615385,441816.3384615385,36.33846153848572,否
IN0308,B6T0000000931,E3,6,11,9,9,浅位,441780.0,441820.4984615385,441830.70769230777,50.70769230776932,否
IN0308,B6T0000000931,E3,6,11,9,9,深位,441780.0,441834.91692307696,441845.1261538462,65.12615384621313,否
IN0308,B6T0000000931,E3,6,11,9,10,浅位,441780.0,441849.3353846154,441859.70461538463,79.70461538463132,否
IN0308,B6T0000000931,E3,6,11,9,10,深位,441780.0,441864.07384615386,441874.4430769231,94.44307692308212,否
IN0308,B6T0000000931,E3,6,12,12,6,深位,441780.0,441878.8123076923,441890.3876923077,110.38769230770413,否
IN0308,B6T0000000931,E3,6,12,12,9,深位,441780.0,441895.9630769231,441908.0184615385,128.01846153847873,否
IN0308,B6T0000000931,E3,6,11,15,6,浅位,441780.0,441914.07384615386,441927.4953846154,147.49538461538032,否
IN0308,B6T0000000931,E3,6,11,14,64,浅位,441780.0,441934.91692307696,441957.00307692314,177.003076923138,否
IN0160,B6T0000000468,E3,6,12,9,10,浅位,451980.0,451980.0,451990.3692307692,10.369230769225396,否
IN0160,B6T0000000468,E3,6,12,9,10,深位,451980.0,451994.73846153845,452005.1076923077,25.10769230767619,否
IN0415,B6T0000001268,E3,6,12,9,10,浅位,456360.0,456360.0,456370.3692307692,10.369230769225396,否
IN0415,B6T0000001268,E3,6,12,9,10,深位,456360.0,456374.73846153845,456385.1076923077,25.10769230767619,否
IN0415,B6T0000001268,E3,6,11,9,11,浅位,456360.0,456389.4769230769,456400.00615384616,40.00615384615958,否
IN0415,B6T0000001268,E3,6,11,9,11,深位,456360.0,456404.53538461536,456415.0646153846,55.064615384617355,否
IN0237,B6T0000000692,E3,6,12,9,11,浅位,456360.0,456419.5938461538,456430.1230769231,70.12307692307513,否
IN0237,B6T0000000692,E3,6,12,9,11,深位,456360.0,456434.6523076923,456445.18153846153,85.18153846153291,否
IN0237,B6T0000000692,E3,6,11,9,66,深位,456360.0,456449.71076923073,456469.04,109.03999999997905,否
IN0237,B6T0000000692,E3,6,12,9,66,浅位,456360.0,456482.36923076917,456501.6984615384,141.69846153841354,否
IN0644,B6T0000001949,E1,7,13,2,4,深位,7080.0,7080.0,7087.101538461538,7.101538461538439,否
IN0644,B6T0000001949,E1,7,14,1,7,深位,7080.0,7088.203076923077,7095.476923076923,15.476923076923413,否
IN0644,B6T0000001949,E1,7,13,4,2,深位,7080.0,7096.750769230769,7104.1476923076925,24.147692307692523,否
IN0644,B6T0000001949,E1,7,13,4,3,深位,7080.0,7105.544615384615,7113.101538461538,33.10153846153844,否
IN0241,B6T0000000704,E3,7,14,9,21,深位,12000.0,12000.0,12012.129230769231,12.129230769231071,否
IN0241,B6T0000000704,E3,7,13,13,15,浅位,12000.0,12018.258461538462,12031.889230769231,31.88923076923129,否
IN0181,B6T0000000534,E3,7,13,13,15,深位,18480.0,18480.0,18493.63076923077,13.630769230770966,否
IN0181,B6T0000000534,E3,7,14,13,15,浅位,18480.0,18501.26153846154,18514.89230769231,34.89230769230926,否
IN0181,B6T0000000534,E3,7,14,13,15,深位,18480.0,18522.523076923077,18536.153846153848,56.15384615384755,否
IN0181,B6T0000000534,E3,7,14,11,24,深位,18480.0,18543.784615384615,18557.624615384615,77.62461538461503,否
IN0181,B6T0000000534,E3,7,13,18,1,深位,18480.0,18565.464615384615,18579.932307692306,99.9323076923065,否
IN0181,B6T0000000534,E3,7,14,14,19,深位,18480.0,18588.4,18603.286153846155,123.28615384615478,否
IN0181,B6T0000000534,E3,7,14,17,9,深位,18480.0,18612.172307692308,18627.304615384615,147.30461538461532,否
IN0181,B6T0000000534,E3,7,13,16,13,深位,18480.0,18636.436923076923,18651.593846153846,171.59384615384624,否
IN0181,B6T0000000534,E3,7,14,20,4,深位,18480.0,18660.75076923077,18676.92923076923,196.92923076923034,否
IN0476,B6T0000001436,E1,7,13,1,12,深位,23940.0,23940.0,23948.073846153846,8.073846153845807,否
IN0476,B6T0000001436,E1,7,13,7,1,深位,23940.0,23950.14769230769,23958.30769230769,18.307692307691468,否
IN0166,B6T0000000487,E3,7,13,12,9,浅位,28980.0,28980.0,28992.055384615385,12.055384615385265,否
IN0166,B6T0000000487,E3,7,13,12,9,深位,28980.0,28998.11076923077,29010.166153846156,30.166153846155794,否
IN0575,B6T0000001707,E1,7,13,1,13,深位,29040.0,29040.0,29048.233846153846,8.233846153845661,否
IN0575,B6T0000001707,E1,7,13,3,10,深位,29040.0,29050.46769230769,29058.83692307692,18.836923076920357,否
IN0575,B6T0000001707,E1,7,14,3,12,深位,29040.0,29061.206153846153,29069.895384615385,29.89538461538541,否
IN0390,B6T0000001187,E3,7,14,12,9,浅位,29160.0,29160.0,29172.055384615385,12.055384615385265,否
IN0390,B6T0000001187,E3,7,14,12,9,深位,29160.0,29178.11076923077,29190.166153846156,30.166153846155794,否
IN0390,B6T0000001187,E3,7,13,15,4,浅位,29160.0,29196.22153846154,29209.32307692308,49.3230769230795,否
IN0179,B6T0000000514,E3,7,13,15,4,深位,33000.0,33000.0,33013.10153846154,13.10153846153844,否
IN0179,B6T0000000514,E3,7,14,15,4,浅位,33000.0,33020.20307692308,33033.304615384615,33.30461538461532,否
IN0179,B6T0000000514,E3,7,14,15,4,深位,33000.0,33040.406153846154,33053.50769230769,53.507692307692196,否
IN0008,B6T0000000014,E4,7,13,44,4,浅位,39360.0,39360.0,39391.17846153846,31.178461538460397,否
IN0008,B6T0000000014,E4,7,13,44,4,深位,39360.0,39416.35692307692,39447.53538461538,87.53538461538119,否
IN0564,B6T0000001672,E1,7,13,2,14,深位,39840.0,39840.0,39848.70153846154,8.701538461536984,否
IN0564,B6T0000001672,E1,7,13,1,17,深位,39840.0,39851.403076923074,39860.27692307692,20.276923076919047,否
IN0564,B6T0000001672,E1,7,13,6,10,深位,39840.0,39863.150769230764,39872.443076923075,32.44307692307484,否
IN0564,B6T0000001672,E1,7,14,3,16,深位,39840.0,39875.73538461538,39885.06461538461,45.06461538461008,否
IN0564,B6T0000001672,E1,7,13,2,19,深位,39840.0,39888.39384615384,39897.89538461538,57.89538461538177,否
IN0564,B6T0000001672,E1,7,13,1,21,深位,39840.0,39901.39692307692,39910.910769230766,70.91076923076616,否
IN0564,B6T0000001672,E1,7,13,4,17,深位,39840.0,39914.42461538461,39924.221538461534,84.22153846153378,否
IN0564,B6T0000001672,E1,7,14,5,17,深位,39840.0,39928.01846153846,39938.123076923075,98.12307692307513,否
IN0564,B6T0000001672,E1,7,13,5,18,浅位,39840.0,39942.227692307686,39952.4923076923,112.49230769230053,否
IN0564,B6T0000001672,E1,7,13,5,18,深位,39840.0,39956.756923076915,39967.02153846153,127.02153846152942,否
IN0564,B6T0000001672,E1,7,14,5,18,浅位,39840.0,39971.286153846144,39981.55076923076,141.5507692307583,否
IN0564,B6T0000001672,E1,7,14,5,18,深位,39840.0,39985.81538461537,39996.07999999999,156.0799999999872,否
IN0570,B6T0000001694,E1,7,13,1,26,浅位,39840.0,40000.3446153846,40010.65846153845,170.65846153844905,否
IN0570,B6T0000001694,E1,7,13,1,26,深位,39840.0,40014.9723076923,40025.286153846144,185.28615384614386,否
IN0570,B6T0000001694,E1,7,13,3,25,深位,39840.0,40029.59999999999,40040.369230769225,200.3692307692254,否
IN0016,B6T0000000050,E4,7,14,44,4,浅位,42840.0,42840.0,42871.17846153846,31.178461538460397,否
IN0016,B6T0000000050,E4,7,14,44,4,深位,42840.0,42896.35692307692,42927.53538461538,87.53538461538119,否
IN0016,B6T0000000050,E4,7,13,45,3,浅位,42840.0,42952.71384615384,42984.50153846153,144.50153846153262,否
IN0016,B6T0000000050,E4,7,13,45,3,深位,42840.0,43010.289230769224,43042.076923076915,202.07692307691468,否
IN0016,B6T0000000050,E4,7,14,45,3,浅位,42840.0,43067.864615384606,43099.6523076923,259.65230769229674,否
IN0016,B6T0000000050,E4,7,14,45,3,深位,42840.0,43125.43999999999,43157.22769230768,317.2276923076788,否
IN0016,B6T0000000050,E4,7,13,44,9,深位,42840.0,43183.01538461537,43214.99384615383,374.99384615383315,否
IN0016,B6T0000000050,E4,7,13,44,16,深位,42840.0,43240.9723076923,43274.070769230755,434.0707692307551,否
IN0016,B6T0000000050,E4,7,14,46,8,深位,42840.0,43301.16923076922,43334.52615384614,494.5261538461418,否
IN0016,B6T0000000050,E4,7,13,44,21,深位,42840.0,43361.88307692307,43395.78153846153,555.7815384615315,否
IN0016,B6T0000000050,E4,7,13,44,22,浅位,42840.0,43423.67999999999,43457.73846153846,617.7384615384581,否
IN0016,B6T0000000050,E4,7,13,44,22,深位,42840.0,43485.796923076916,43519.85538461538,679.8553846153809,是
IN0016,B6T0000000050,E4,7,14,44,22,浅位,42840.0,43553.91384615384,43587.972307692304,747.9723076923037,是
IN0016,B6T0000000050,E4,7,14,44,22,深位,42840.0,43622.03076923076,43656.08923076923,816.0892307692266,是
IN0016,B6T0000000050,E4,7,14,45,20,深位,42840.0,43690.147692307684,43724.65538461538,884.6553846153765,是
IN0016,B6T0000000050,E4,7,14,46,29,深位,42840.0,43759.16307692307,43795.87999999999,955.8799999999901,否
IN0016,B6T0000000050,E4,7,14,49,15,深位,42840.0,43826.59692307691,43863.38153846153,1023.38153846153,否
IN0016,B6T0000000050,E4,7,13,43,45,深位,42840.0,43894.16615384614,43931.13538461537,1091.1353846153725,否
IN0016,B6T0000000050,E4,7,13,44,43,深位,42840.0,43962.104615384604,43999.52307692306,1159.523076923062,否
IN0016,B6T0000000050,E4,7,13,43,48,深位,42840.0,44030.94153846153,44068.390769230755,1228.3907692307548,否
IN0016,B6T0000000050,E4,7,14,43,48,浅位,42840.0,44099.83999999999,44137.289230769224,1297.2892307692236,否
IN0016,B6T0000000050,E4,7,14,43,48,深位,42840.0,44168.73846153845,44206.18769230768,1366.187692307678,否
IN0016,B6T0000000050,E4,7,13,43,49,浅位,42840.0,44237.63692307691,44275.24615384614,1435.246153846143,否
IN0016,B6T0000000050,E4,7,13,43,49,深位,42840.0,44306.85538461537,44344.464615384604,1504.4646153846043,否
IN0016,B6T0000000050,E4,7,14,43,49,浅位,42840.0,44376.073846153835,44413.683076923066,1573.6830769230655,否
IN0016,B6T0000000050,E4,7,14,43,49,深位,42840.0,44445.292307692296,44482.90153846153,1642.9015384615268,否
IN0016,B6T0000000050,E4,7,14,45,40,深位,42840.0,44514.51076923076,44552.21846153845,1712.2184615384467,否
IN0016,B6T0000000050,E4,7,13,43,50,浅位,42840.0,44583.92615384614,44621.69538461538,1781.6953846153774,否
IN0411,B6T0000001251,E3,7,13,15,30,深位,50040.0,50040.0,50057.26153846154,17.26153846154193,否
IN0411,B6T0000001251,E3,7,13,15,31,深位,50040.0,50068.52307692308,50085.944615384615,45.944615384614735,否
IN0411,B6T0000001251,E3,7,14,16,33,浅位,50040.0,50097.36615384615,50115.723076923074,75.72307692307368,否
IN0411,B6T0000001251,E3,7,14,16,33,深位,50040.0,50128.08,50146.43692307692,106.43692307692254,否
IN0552,B6T0000001648,E1,7,13,5,11,浅位,53760.0,53760.0,53769.14461538461,9.144615384611825,否
IN0552,B6T0000001648,E1,7,13,5,11,深位,53760.0,53772.28923076923,53781.43384615384,21.43384615384275,否
IN0552,B6T0000001648,E1,7,14,5,11,浅位,53760.0,53784.57846153846,53793.723076923074,33.72307692307368,否
IN0552,B6T0000001648,E1,7,14,5,11,深位,53760.0,53796.86769230769,53806.012307692305,46.0123076923046,否
IN0552,B6T0000001648,E1,7,14,4,25,深位,53760.0,53809.156923076924,53820.233846153846,60.23384615384566,否
IN0552,B6T0000001648,E1,7,13,6,23,深位,53760.0,53825.31076923077,53836.68307692307,76.6830769230728,否
IN0552,B6T0000001648,E1,7,13,5,26,深位,53760.0,53842.055384615385,53853.6,93.59999999999854,否
IN0552,B6T0000001648,E1,7,13,5,27,深位,53760.0,53859.14461538462,53870.849230769236,110.84923076923587,否
IN0552,B6T0000001648,E1,7,14,2,33,深位,53760.0,53876.55384615385,53888.29538461539,128.2953846153905,否
IN0552,B6T0000001648,E1,7,14,1,36,深位,53760.0,53894.03692307693,53905.950769230774,145.9507692307743,否
IN0552,B6T0000001648,E1,7,13,8,24,深位,53760.0,53911.86461538462,53924.01230769231,164.01230769231188,否
IN0377,B6T0000001148,E3,7,13,9,10,浅位,82980.0,82980.0,82990.36923076923,10.369230769225396,否
IN0377,B6T0000001148,E3,7,13,9,10,深位,82980.0,82994.73846153847,83005.10769230769,25.10769230769074,否
IN0377,B6T0000001148,E3,7,13,12,6,浅位,82980.0,83009.47692307693,83021.05230769231,41.05230769231275,否
IN0377,B6T0000001148,E3,7,13,17,1,浅位,82980.0,83026.6276923077,83040.48,60.479999999995925,否
IN0377,B6T0000001148,E3,7,13,17,1,深位,82980.0,83048.33230769231,83062.18461538461,82.1846153846127,否
IN0377,B6T0000001148,E3,7,14,17,1,浅位,82980.0,83070.03692307693,83083.88923076923,103.88923076922947,否
IN0377,B6T0000001148,E3,7,14,20,18,深位,82980.0,83091.74153846155,83110.16,130.1600000000035,否
IN0377,B6T0000001148,E3,7,13,10,58,深位,82980.0,83122.57846153846,83141.24307692307,161.24307692307048,否
IN0377,B6T0000001148,E3,7,14,14,44,深位,82980.0,83153.9076923077,83172.79384615384,192.79384615384333,否
IN0377,B6T0000001148,E3,7,13,9,64,浅位,82980.0,83185.68000000001,83204.68923076923,224.68923076923238,否
IN0377,B6T0000001148,E3,7,13,9,64,深位,82980.0,83217.69846153847,83236.7076923077,256.70769230769656,否
IN0377,B6T0000001148,E3,7,14,9,64,浅位,82980.0,83249.71692307694,83268.72615384616,288.72615384616074,否
IN0377,B6T0000001148,E3,7,14,9,64,深位,82980.0,83281.7353846154,83300.74461538462,320.7446153846249,否
IN0377,B6T0000001148,E3,7,13,9,65,浅位,82980.0,83313.75384615386,83332.92307692309,352.9230769230926,否
IN0319,B6T0000000958,E3,7,13,9,65,深位,83340.0,83346.09230769232,83365.26153846155,25.261538461549208,否
IN0319,B6T0000000958,E3,7,14,9,65,浅位,83340.0,83378.43076923078,83397.6,57.60000000000582,否
IN0178,B6T0000000511,E3,7,14,9,65,深位,83640.0,83640.0,83659.16923076923,19.169230769228307,否
IN0178,B6T0000000511,E3,7,14,12,54,浅位,83640.0,83672.33846153846,83691.59384615385,51.59384615384624,否
IN0178,B6T0000000511,E3,7,14,12,54,深位,83640.0,83704.84923076922,83724.10461538461,84.10461538461095,否
IN0178,B6T0000000511,E3,7,13,9,66,浅位,83640.0,83737.35999999999,83756.68923076922,116.68923076921783,否
IN0517,B6T0000001547,E1,7,14,6,9,浅位,84600.0,84600.0,84609.13230769231,9.132307692314498,否
IN0517,B6T0000001547,E1,7,14,6,9,深位,84600.0,84612.26461538461,84621.39692307693,21.396923076928942,否
IN0517,B6T0000001547,E1,7,13,5,12,浅位,84600.0,84624.52923076923,84633.83384615385,33.83384615385148,否
IN0517,B6T0000001547,E1,7,13,2,36,深位,84600.0,84637.13846153846,84649.36,49.36000000000058,否
IN0517,B6T0000001547,E1,7,14,3,35,深位,84600.0,84655.58153846154,84667.95076923077,67.95076923076704,否
IN0110,B6T0000000318,E4,7,14,44,9,浅位,85200.0,85200.0,85231.97846153846,31.97846153845603,否
IN0110,B6T0000000318,E4,7,14,44,9,深位,85200.0,85257.95692307693,85289.93538461538,89.93538461538265,否
IN0331,B6T0000001022,E3,7,13,9,66,深位,85860.0,85860.0,85879.32923076923,19.3292307692318,否
IN0331,B6T0000001022,E3,7,14,9,66,浅位,85860.0,85892.65846153846,85911.9876923077,51.9876923076954,否
IN0331,B6T0000001022,E3,7,14,9,66,深位,85860.0,85925.31692307693,85944.64615384616,84.646153846159,否
IN0331,B6T0000001022,E3,7,13,10,63,浅位,85860.0,85957.97538461539,85977.44,117.44000000000233,否
IN0331,B6T0000001022,E3,7,13,10,63,深位,85860.0,85990.90461538463,86010.36923076924,150.36923076923995,否
IN0331,B6T0000001022,E3,7,14,10,63,浅位,85860.0,86023.83384615387,86043.29846153848,183.29846153847757,否
IN0331,B6T0000001022,E3,7,14,10,63,深位,85860.0,86056.7630769231,86076.22769230772,216.2276923077152,否
IN0331,B6T0000001022,E3,7,13,9,67,浅位,85860.0,86089.69230769234,86109.18153846158,249.18153846157657,否
IN0331,B6T0000001022,E3,7,13,9,67,深位,85860.0,86122.6707692308,86142.16000000003,282.1600000000326,否
IN0331,B6T0000001022,E3,7,14,9,67,浅位,85860.0,86155.64923076925,86175.13846153849,315.1384615384886,否
IN0331,B6T0000001022,E3,7,14,9,67,深位,85860.0,86188.62769230771,86208.11692307694,348.11692307694466,否
IN0331,B6T0000001022,E3,7,13,10,64,浅位,85860.0,86221.60615384617,86241.23076923078,381.2307692307804,否
IN0331,B6T0000001022,E3,7,13,10,64,深位,85860.0,86254.8553846154,86274.48000000001,414.4800000000105,否
IN0331,B6T0000001022,E3,7,14,10,64,浅位,85860.0,86288.10461538463,86307.72923076924,447.72923076924053,否
IN0331,B6T0000001022,E3,7,14,10,64,深位,85860.0,86321.35384615386,86340.97846153847,480.9784615384706,否
IN0331,B6T0000001022,E3,7,13,9,68,浅位,85860.0,86354.60307692309,86374.25230769231,514.2523076923098,否
IN0331,B6T0000001022,E3,7,13,9,68,深位,85860.0,86387.90153846155,86407.55076923077,547.5507692307729,否
IN0331,B6T0000001022,E3,7,14,9,68,浅位,85860.0,86421.20000000001,86440.84923076924,580.8492307692359,否
IN0331,B6T0000001022,E3,7,14,9,68,深位,85860.0,86454.49846153847,86474.1476923077,614.1476923076989,否
IN0331,B6T0000001022,E3,7,13,22,18,深位,85860.0,86487.79692307694,86507.44615384616,647.4461538461619,否
IN0331,B6T0000001022,E3,7,13,11,61,浅位,85860.0,86521.0953846154,86540.8553846154,680.8553846153955,否
IN0331,B6T0000001022,E3,7,13,11,61,深位,85860.0,86554.6153846154,86574.3753846154,714.3753846153995,是
IN0331,B6T0000001022,E3,7,14,11,61,浅位,85860.0,86612.59692307694,86632.35692307694,772.3569230769353,是
IN0331,B6T0000001022,E3,7,14,11,61,深位,85860.0,86670.57846153848,86690.33846153847,830.3384615384712,是
IN0331,B6T0000001022,E3,7,13,10,65,浅位,85860.0,86728.56000000001,86748.34461538463,888.3446153846307,是
IN0423,B6T0000001292,E3,7,13,16,2,浅位,90660.0,90660.0,90673.39692307693,13.396923076928942,否
IN0423,B6T0000001292,E3,7,13,16,2,深位,90660.0,90680.79384615384,90694.19076923077,34.190769230772275,否
IN0423,B6T0000001292,E3,7,14,16,2,浅位,90660.0,90701.58769230769,90714.98461538462,54.98461538461561,否
IN0423,B6T0000001292,E3,7,14,16,2,深位,90660.0,90722.38153846153,90735.77846153846,75.77846153845894,否
IN0423,B6T0000001292,E3,7,13,24,3,浅位,90660.0,90743.17538461537,90761.65538461537,101.65538461536926,否
IN0423,B6T0000001292,E3,7,13,24,3,深位,90660.0,90774.13538461538,90792.61538461538,132.61538461537566,否
IN0315,B6T0000000946,E3,7,14,24,3,浅位,90660.0,90805.09538461539,90823.57538461538,163.57538461538206,否
IN0315,B6T0000000946,E3,7,13,10,65,深位,90660.0,90836.05538461539,90855.84000000001,195.84000000001106,否
IN0315,B6T0000000946,E3,7,14,10,65,浅位,90660.0,90869.62461538463,90889.40923076925,229.4092307692481,否
IN0392,B6T0000001192,E3,7,13,9,10,浅位,92640.0,92640.0,92650.36923076923,10.369230769225396,否
IN0392,B6T0000001192,E3,7,13,9,10,深位,92640.0,92654.73846153847,92665.10769230769,25.10769230769074,否
IN0171,B6T0000000500,E3,7,13,12,6,浅位,94440.0,94440.0,94451.57538461538,11.575384615382063,否
IN0171,B6T0000000500,E3,7,13,17,1,浅位,94440.0,94457.15076923076,94471.00307692307,31.003076923065237,否
IN0171,B6T0000000500,E3,7,13,17,1,深位,94440.0,94478.85538461538,94492.70769230768,52.70769230768201,否
IN0171,B6T0000000500,E3,7,14,17,1,浅位,94440.0,94500.56,94514.4123076923,74.41230769229878,否
IN0171,B6T0000000500,E3,7,14,10,65,深位,94440.0,94522.26461538461,94542.04923076923,102.04923076923296,否
IN0171,B6T0000000500,E3,7,13,11,62,浅位,94440.0,94555.83384615385,94575.75384615385,135.75384615384974,否
IN0171,B6T0000000500,E3,7,13,11,62,深位,94440.0,94589.67384615385,94609.59384615385,169.59384615384624,否
IN0185,B6T0000000540,E3,7,14,11,62,浅位,94500.0,94623.51384615384,94643.43384615384,143.43384615384275,否
IN0185,B6T0000000540,E3,7,14,11,62,深位,94500.0,94657.35384615384,94677.27384615384,177.27384615383926,否
IN0185,B6T0000000540,E3,7,13,10,66,浅位,94500.0,94691.19384615384,94711.13846153846,211.13846153845952,否
IN0185,B6T0000000540,E3,7,13,10,66,深位,94500.0,94725.08307692307,94745.02769230769,245.027692307689,否
IN0185,B6T0000000540,E3,7,14,10,66,浅位,94500.0,94758.9723076923,94778.91692307692,278.91692307691847,否
IN0185,B6T0000000540,E3,7,14,10,66,深位,94500.0,94792.86153846153,94812.80615384615,312.80615384614794,否
IN0185,B6T0000000540,E3,7,13,11,63,浅位,94500.0,94826.75076923076,94846.83076923076,346.83076923075714,否
IN0185,B6T0000000540,E3,7,13,11,63,深位,94500.0,94860.91076923076,94880.99076923076,380.99076923076063,否
IN0185,B6T0000000540,E3,7,14,11,63,浅位,94500.0,94895.07076923076,94915.15076923076,415.1507692307641,否
IN0185,B6T0000000540,E3,7,14,11,63,深位,94500.0,94929.23076923077,94949.31076923077,449.3107692307676,否
IN0185,B6T0000000540,E3,7,13,10,67,浅位,94500.0,94963.39076923077,94983.49538461538,483.4953846153803,否
IN0185,B6T0000000540,E3,7,13,10,67,深位,94500.0,94997.6,95017.70461538462,517.7046153846168,否
IN0185,B6T0000000540,E3,7,14,10,67,浅位,94500.0,95031.80923076924,95051.91384615385,551.9138461538532,否
IN0185,B6T0000000540,E3,7,14,10,67,深位,94500.0,95066.01846153848,95086.12307692309,586.1230769230897,否
IN0185,B6T0000000540,E3,7,13,12,60,浅位,94500.0,95100.22769230772,95120.4430769231,620.4430769230967,否
IN0185,B6T0000000540,E3,7,13,12,60,深位,94500.0,95134.65846153848,95154.87384615386,654.8738461538596,否
IN0185,B6T0000000540,E3,7,14,12,60,浅位,94500.0,95169.08923076924,95189.30461538462,689.3046153846226,否
IN0185,B6T0000000540,E3,7,14,12,60,深位,94500.0,95203.52,95223.73538461539,723.7353846153856,否
IN0185,B6T0000000540,E3,7,13,25,10,深位,94500.0,95237.95076923077,95258.16615384615,758.1661538461485,否
IN0185,B6T0000000540,E3,7,13,11,64,浅位,94500.0,95272.38153846153,95292.62153846154,792.6215384615352,否
IN0185,B6T0000000540,E3,7,13,11,64,深位,94500.0,95306.86153846153,95327.10153846153,827.1015384615312,否
IN0185,B6T0000000540,E3,7,14,11,64,浅位,94500.0,95341.34153846152,95361.58153846153,861.5815384615271,否
IN0185,B6T0000000540,E3,7,14,11,64,深位,94500.0,95375.82153846152,95396.06153846152,896.061538461523,否
IN0185,B6T0000000540,E3,7,13,10,68,浅位,94500.0,95410.30153846151,95430.56615384613,930.5661538461281,否
IN0185,B6T0000000540,E3,7,13,10,68,深位,94500.0,95444.83076923074,95465.09538461536,965.095384615357,否
IN0185,B6T0000000540,E3,7,14,10,68,浅位,94500.0,95479.35999999997,95499.62461538459,999.6246153845859,否
IN0185,B6T0000000540,E3,7,14,10,68,深位,94500.0,95513.8892307692,95534.15384615381,1034.1538461538148,否
IN0185,B6T0000000540,E3,7,13,26,7,浅位,94500.0,95548.41846153843,95568.7692307692,1068.769230769205,否
IN0185,B6T0000000540,E3,7,13,26,7,深位,94500.0,95583.11999999997,95603.47076923074,1103.470769230742,否
IN0185,B6T0000000540,E3,7,14,26,7,浅位,94500.0,95617.8215384615,95638.17230769228,1138.172307692279,否
IN0185,B6T0000000540,E3,7,14,26,7,深位,94500.0,95652.52307692304,95672.87384615382,1172.873846153816,否
IN0185,B6T0000000540,E3,7,13,12,61,浅位,94500.0,95687.22461538458,95707.59999999996,1207.5999999999622,否
IN0185,B6T0000000540,E3,7,13,12,61,深位,94500.0,95721.97538461535,95742.35076923073,1242.350769230732,否
IN0185,B6T0000000540,E3,7,14,12,61,浅位,94500.0,95756.72615384612,95777.1015384615,1277.101538461502,否
IN0337,B6T0000001038,E3,7,13,19,4,浅位,119700.0,119700.0,119715.56307692308,15.56307692307746,否
IN0337,B6T0000001038,E3,7,13,19,4,深位,119700.0,119725.12615384615,119740.68923076923,40.68923076923238,否
IN0112,B6T0000000323,E3,7,14,19,4,浅位,121620.0,121620.0,121635.56307692308,15.56307692307746,否
IN0112,B6T0000000323,E3,7,14,19,4,深位,121620.0,121645.12615384615,121660.68923076923,40.68923076923238,否
IN0123,B6T0000000350,E3,7,13,12,9,浅位,123360.0,123360.0,123372.05538461538,12.055384615377989,否
IN0123,B6T0000000350,E3,7,13,12,9,深位,123360.0,123378.11076923077,123390.16615384615,30.166153846148518,否
IN0123,B6T0000000350,E3,7,13,14,27,浅位,123360.0,123396.22153846154,123412.38769230769,52.387692307689576,否
IN0123,B6T0000000350,E3,7,13,14,27,深位,123360.0,123422.55384615385,123438.72,78.72000000000116,否
IN0210,B6T0000000614,E3,7,14,9,21,深位,132300.0,132300.0,132312.12923076923,12.12923076923471,否
IN0210,B6T0000000614,E3,7,13,13,15,浅位,132300.0,132318.25846153847,132331.88923076924,31.889230769244023,否
IN0210,B6T0000000614,E3,7,13,17,6,浅位,132300.0,132339.52000000002,132354.17230769232,54.17230769232265,否
IN0210,B6T0000000614,E3,7,13,17,6,深位,132300.0,132362.82461538463,132377.47692307693,77.47692307693069,否
IN0210,B6T0000000614,E3,7,14,17,6,浅位,132300.0,132386.12923076923,132400.78153846154,100.78153846153873,否
IN0210,B6T0000000614,E3,7,14,17,6,深位,132300.0,132409.43384615384,132424.08615384615,124.08615384614677,否
IN0210,B6T0000000614,E3,7,14,14,27,浅位,132300.0,132432.73846153845,132448.9046153846,148.90461538461386,否
IN0210,B6T0000000614,E3,7,14,14,27,深位,132300.0,132459.07076923075,132475.2369230769,175.2369230769109,否
IN0210,B6T0000000614,E3,7,14,16,26,浅位,132300.0,132485.40307692304,132502.63999999996,202.63999999995576,否
IN0210,B6T0000000614,E3,7,14,16,26,深位,132300.0,132513.8769230769,132531.1138461538,231.11384615380666,否
IN0210,B6T0000000614,E3,7,14,12,61,深位,132300.0,132542.35076923075,132562.72615384613,262.72615384613164,否
IN0210,B6T0000000614,E3,7,13,11,65,浅位,132300.0,132577.10153846152,132597.5015384615,297.5015384615108,否
IN0210,B6T0000000614,E3,7,13,11,65,深位,132300.0,132611.9015384615,132632.3015384615,332.30153846149915,否
IN0210,B6T0000000614,E3,7,14,11,65,浅位,132300.0,132646.7015384615,132667.1015384615,367.1015384614875,否
IN0210,B6T0000000614,E3,7,14,11,65,深位,132300.0,132681.50153846148,132701.90153846148,401.90153846147587,否
IN0210,B6T0000000614,E3,7,13,12,62,浅位,132300.0,132716.30153846147,132736.83692307686,436.8369230768585,否
IN0637,B6T0000001934,E1,7,14,2,4,浅位,141300.0,141300.0,141307.10153846155,7.101538461545715,否
IN0637,B6T0000001934,E1,7,14,2,4,深位,141300.0,141308.2030769231,141315.30461538464,15.304615384637145,否
IN0637,B6T0000001934,E1,7,14,5,27,浅位,141300.0,141316.40615384618,141328.11076923079,28.11076923078508,否
IN0637,B6T0000001934,E1,7,14,5,27,深位,141300.0,141333.81538461542,141345.52000000002,45.52000000001863,否
IN0637,B6T0000001934,E1,7,13,5,31,浅位,141300.0,141351.22461538465,141363.56923076927,63.56923076926614,否
IN0637,B6T0000001934,E1,7,13,5,33,深位,141300.0,141369.91384615388,141382.5784615385,82.57846153850551,否
IN0637,B6T0000001934,E1,7,14,1,41,深位,141300.0,141389.2430769231,141401.95692307694,101.95692307694117,否
IN0637,B6T0000001934,E1,7,13,1,42,深位,141300.0,141408.67076923078,141421.54461538463,121.54461538462783,否
IN0537,B6T0000001594,E1,7,13,3,3,浅位,175560.0,175560.0,175567.24923076923,7.249230769230053,否
IN0537,B6T0000001594,E1,7,13,3,3,深位,175560.0,175568.49846153846,175575.7476923077,15.747692307690158,否
IN0537,B6T0000001594,E1,7,14,3,3,浅位,175560.0,175576.99692307692,175584.24615384615,24.246153846150264,否
IN0537,B6T0000001594,E1,7,14,3,3,深位,175560.0,175585.49538461538,175592.7446153846,32.74461538461037,否
IN0537,B6T0000001594,E1,7,13,11,12,浅位,175560.0,175593.99384615384,175605.91384615385,45.91384615385323,否
IN0537,B6T0000001594,E1,7,13,11,12,深位,175560.0,175611.83384615384,175623.75384615385,63.753846153849736,否
IN0537,B6T0000001594,E1,7,14,11,12,浅位,175560.0,175629.67384615383,175641.59384615385,81.59384615384624,否
IN0167,B6T0000000488,E3,7,14,11,12,深位,188820.0,188820.0,188831.92,11.920000000012806,否
IN0167,B6T0000000488,E3,7,14,12,15,浅位,188820.0,188837.84,188850.8553846154,30.85538461539545,否
IN0167,B6T0000000488,E3,7,14,12,15,深位,188820.0,188857.87076923077,188870.88615384616,50.886153846164234,否
IN0167,B6T0000000488,E3,7,13,9,27,浅位,188820.0,188877.90153846153,188890.99076923076,70.99076923076063,否
IN0167,B6T0000000488,E3,7,13,9,27,深位,188820.0,188898.08,188911.1692307692,91.16923076921375,否
IN0167,B6T0000000488,E3,7,14,9,27,浅位,188820.0,188918.25846153844,188931.34769230767,111.34769230766688,否
IN0167,B6T0000000488,E3,7,13,15,4,深位,188820.0,188938.4369230769,188951.53846153844,131.53846153843915,否
IN0167,B6T0000000488,E3,7,14,15,4,浅位,188820.0,188958.63999999998,188971.74153846153,151.74153846153058,否
IN0167,B6T0000000488,E3,7,13,15,5,浅位,188820.0,188978.84307692308,188992.10461538463,172.1046153846255,否
IN0167,B6T0000000488,E3,7,13,15,5,深位,188820.0,188999.36615384615,189012.6276923077,192.62769230769482,否
IN0167,B6T0000000488,E3,7,14,15,5,浅位,188820.0,189019.88923076921,189033.15076923076,213.15076923076413,否
IN0167,B6T0000000488,E3,7,14,15,5,深位,188820.0,189040.41230769228,189053.67384615383,233.67384615383344,否
IN0167,B6T0000000488,E3,7,14,23,7,浅位,188820.0,189060.93538461535,189079.43999999997,259.4399999999732,否
IN0167,B6T0000000488,E3,7,14,23,7,深位,188820.0,189091.9446153846,189110.4492307692,290.4492307692126,否
IN0167,B6T0000000488,E3,7,13,12,62,深位,188820.0,189122.95384615383,189143.48923076922,323.48923076922074,否
IN0167,B6T0000000488,E3,7,14,12,62,浅位,188820.0,189158.0246153846,189178.56,358.5599999999977,否
IN0167,B6T0000000488,E3,7,14,12,62,深位,188820.0,189193.0953846154,189213.63076923077,393.6307692307746,否
IN0167,B6T0000000488,E3,7,13,11,66,浅位,188820.0,189228.16615384616,189248.72615384616,428.72615384616074,否
IN0167,B6T0000000488,E3,7,13,11,66,深位,188820.0,189263.28615384616,189283.84615384616,463.8461538461561,否
IN0167,B6T0000000488,E3,7,14,11,66,浅位,188820.0,189298.40615384615,189318.96615384615,498.9661538461514,否
IN0167,B6T0000000488,E3,7,14,11,66,深位,188820.0,189333.52615384615,189354.08615384615,534.0861538461468,否
IN0167,B6T0000000488,E3,7,13,14,55,深位,188820.0,189368.64615384614,189389.2923076923,569.2923076922889,否
IN0167,B6T0000000488,E3,7,14,14,55,浅位,188820.0,189403.93846153846,189424.5846153846,604.5846153846069,否
IN0167,B6T0000000488,E3,7,14,14,55,深位,188820.0,189439.23076923078,189459.87692307692,639.8769230769249,否
IN0167,B6T0000000488,E3,7,13,13,59,浅位,188820.0,189474.5230769231,189495.19384615388,675.1938461538812,否
IN0167,B6T0000000488,E3,7,13,13,59,深位,188820.0,189509.86461538463,189530.53538461542,710.5353846154176,否
IN0167,B6T0000000488,E3,7,14,13,59,浅位,188820.0,189545.20615384617,189565.87692307695,745.876923076954,否
IN0167,B6T0000000488,E3,7,14,13,59,深位,188820.0,189580.5476923077,189601.2184615385,781.2184615384904,否
IN0167,B6T0000000488,E3,7,13,12,63,浅位,188820.0,189615.88923076924,189636.58461538464,816.584615384636,否
IN0167,B6T0000000488,E3,7,13,12,63,深位,188820.0,189651.28,189671.9753846154,851.9753846153908,否
IN0167,B6T0000000488,E3,7,14,12,63,浅位,188820.0,189686.67076923075,189707.36615384615,887.3661538461456,否
IN0167,B6T0000000488,E3,7,14,12,63,深位,188820.0,189722.0615384615,189742.7569230769,922.7569230769004,否
IN0167,B6T0000000488,E3,7,13,11,67,浅位,188820.0,189757.45230769226,189778.17230769226,958.1723076922644,否
IN0167,B6T0000000488,E3,7,13,11,67,深位,188820.0,189792.89230769227,189813.61230769227,993.6123076922668,否
IN0167,B6T0000000488,E3,7,14,11,67,浅位,188820.0,189828.33230769227,189849.05230769227,1029.052307692269,否
IN0167,B6T0000000488,E3,7,14,11,67,深位,188820.0,189863.77230769227,189884.49230769227,1064.4923076922714,否
IN0167,B6T0000000488,E3,7,14,16,48,深位,188820.0,189899.21230769227,189919.9692307692,1099.969230769202,否
IN0167,B6T0000000488,E3,7,13,13,60,浅位,188820.0,189934.72615384613,189955.5569230769,1135.5569230768888,否
IN0167,B6T0000000488,E3,7,13,13,60,深位,188820.0,189970.38769230768,189991.21846153843,1171.2184615384322,否
IN0500,B6T0000001500,E1,7,14,4,8,浅位,197400.0,197400.0,197408.35692307694,8.356923076935345,否
IN0500,B6T0000001500,E1,7,14,4,8,深位,197400.0,197410.71384615384,197419.07076923078,19.070769230776932,否
IN0500,B6T0000001500,E1,7,13,1,19,浅位,197400.0,197421.42769230768,197430.62153846154,30.621538461535238,否
IN0213,B6T0000000619,E3,7,14,14,7,浅位,199200.0,199200.0,199212.96615384615,12.966153846151428,否
IN0213,B6T0000000619,E3,7,14,14,7,深位,199200.0,199219.9323076923,199232.89846153845,32.898461538454285,否
IN0213,B6T0000000619,E3,7,13,14,14,浅位,199200.0,199239.8646153846,199253.95076923075,53.950769230752485,否
IN0213,B6T0000000619,E3,7,13,14,14,深位,199200.0,199262.0369230769,199276.12307692305,76.12307692304603,否
IN0213,B6T0000000619,E3,7,14,14,14,浅位,199200.0,199284.2092307692,199298.29538461534,98.29538461533957,否
IN0213,B6T0000000619,E3,7,14,14,14,深位,199200.0,199306.3815384615,199320.46769230763,120.46769230763311,否
IN0213,B6T0000000619,E3,7,13,9,38,浅位,199200.0,199328.55384615378,199343.40307692302,143.40307692301576,否
IN0046,B6T0000000135,E4,7,13,44,25,浅位,205500.0,205500.0,205534.53846153847,34.538461538468255,否
IN0046,B6T0000000135,E4,7,13,44,25,深位,205500.0,205563.07692307694,205597.6153846154,97.61538461540476,否
IN0061,B6T0000000164,E4,7,14,44,25,浅位,209580.0,209580.0,209614.53846153847,34.538461538468255,否
IN0061,B6T0000000164,E4,7,13,43,50,深位,209580.0,209643.07692307694,209680.84615384616,100.84615384615608,否
IN0061,B6T0000000164,E4,7,14,43,50,浅位,209580.0,209712.6153846154,209750.38461538462,170.38461538462434,否
IN0545,B6T0000001633,E1,7,13,2,7,浅位,212640.0,212640.0,212647.58153846153,7.581538461527089,否
IN0545,B6T0000001633,E1,7,13,2,7,深位,212640.0,212649.16307692308,212656.7446153846,16.74461538461037,否
IN0545,B6T0000001633,E1,7,14,2,7,浅位,212640.0,212658.32615384617,212665.9076923077,25.90769230769365,否
IN0545,B6T0000001633,E1,7,14,2,7,深位,212640.0,212667.48923076925,212675.07076923078,35.07076923077693,否
IN0545,B6T0000001633,E1,7,13,4,4,浅位,212640.0,212676.65230769233,212684.36923076925,44.3692307692545,否
IN0545,B6T0000001633,E1,7,13,4,4,深位,212640.0,212686.08615384618,212693.8030769231,53.80307692309725,否
IN0545,B6T0000001633,E1,7,14,4,4,浅位,212640.0,212695.52000000002,212703.23692307694,63.23692307694,否
IN0545,B6T0000001633,E1,7,14,4,4,深位,212640.0,212704.95384615386,212712.67076923078,72.67076923078275,否
IN0545,B6T0000001633,E1,7,13,1,19,深位,212640.0,212714.3876923077,212723.58153846156,83.58153846155619,否
IN0545,B6T0000001633,E1,7,13,1,26,浅位,212640.0,212726.7753846154,212737.08923076926,97.08923076925566,否
IN0429,B6T0000001304,E3,7,13,12,6,深位,217320.0,217320.0,217331.5753846154,11.575384615396615,否
IN0429,B6T0000001304,E3,7,14,12,6,浅位,217320.0,217337.15076923076,217348.72615384616,28.72615384616074,否
IN0429,B6T0000001304,E3,7,14,12,6,深位,217320.0,217354.30153846153,217365.87692307692,45.87692307692487,否
IN0429,B6T0000001304,E3,7,13,16,8,浅位,217320.0,217371.4523076923,217385.80923076923,65.80923076922772,否
IN0429,B6T0000001304,E3,7,13,16,8,深位,217320.0,217394.16615384613,217408.52307692307,88.52307692306931,否
IN0429,B6T0000001304,E3,7,14,16,8,浅位,217320.0,217416.87999999998,217431.2369230769,111.2369230769109,否
IN0429,B6T0000001304,E3,7,14,16,8,深位,217320.0,217439.59384615382,217453.95076923075,133.95076923075248,否
IN0087,B6T0000000236,E4,7,14,44,9,浅位,218460.0,218460.0,218491.97846153847,31.978461538470583,否
IN0087,B6T0000000236,E4,7,14,44,9,深位,218460.0,218517.9569230769,218549.93538461538,89.93538461538265,否
IN0117,B6T0000000333,E3,7,13,16,2,浅位,223500.0,223500.0,223513.3969230769,13.39692307691439,否
IN0117,B6T0000000333,E3,7,13,16,2,深位,223500.0,223520.79384615386,223534.19076923077,34.190769230772275,否
IN0117,B6T0000000333,E3,7,14,16,2,浅位,223500.0,223541.58769230772,223554.98461538463,54.98461538463016,否
IN0373,B6T0000001135,E3,7,14,16,2,深位,223620.0,223620.0,223633.3969230769,13.39692307691439,否
IN0373,B6T0000001135,E3,7,13,20,12,浅位,223620.0,223640.79384615386,223658.2523076923,38.25230769230984,否
IN0461,B6T0000001385,E1,7,13,2,13,浅位,229800.0,229800.0,229808.54153846155,8.541538461548043,否
IN0461,B6T0000001385,E1,7,13,1,26,深位,229800.0,229811.08307692307,229821.3969230769,21.39692307691439,否
IN0146,B6T0000000435,E3,7,13,20,12,深位,256920.0,256920.0,256937.45846153845,17.458461538451957,否
IN0146,B6T0000000435,E3,7,14,24,3,浅位,256920.0,256948.91692307693,256967.39692307694,47.396923076943494,否
IN0146,B6T0000000435,E3,7,13,10,65,深位,256920.0,256979.87692307692,256999.66153846154,79.66153846154339,否
IN0146,B6T0000000435,E3,7,13,27,2,浅位,256920.0,257013.44615384616,257033.61230769232,113.61230769232498,否
IN0146,B6T0000000435,E3,7,13,27,2,深位,256920.0,257047.77846153846,257067.94461538462,147.944615384622,否
IN0146,B6T0000000435,E3,7,14,27,2,浅位,256920.0,257082.11076923076,257102.27692307692,182.27692307691905,否
IN0146,B6T0000000435,E3,7,14,27,2,深位,256920.0,257116.44307692305,257136.60923076922,216.60923076921608,否
IN0632,B6T0000001891,E1,7,13,4,30,浅位,257700.0,257700.0,257711.87692307692,11.876923076924868,否
IN0632,B6T0000001891,E1,7,13,4,30,深位,257700.0,257717.75384615385,257729.63076923077,29.630769230774604,否
IN0632,B6T0000001891,E1,7,14,4,30,浅位,257700.0,257735.5076923077,257747.38461538462,47.38461538462434,否
IN0565,B6T0000001673,E1,7,13,6,33,深位,258420.0,258420.0,258432.9723076923,12.972307692311006,否
IN0565,B6T0000001673,E1,7,13,5,35,深位,258420.0,258439.94461538462,258452.92923076922,32.92923076922307,否
IN0565,B6T0000001673,E1,7,13,3,39,深位,258420.0,258459.91384615385,258472.9230769231,52.923076923092594,否
IN0565,B6T0000001673,E1,7,13,5,37,深位,258420.0,258479.9323076923,258493.2369230769,73.2369230769109,否
IN0565,B6T0000001673,E1,7,14,1,46,深位,258420.0,258500.54153846155,258514.0553846154,94.05538461540709,否
IN0565,B6T0000001673,E1,7,13,1,48,深位,258420.0,258521.56923076924,258535.40307692307,115.40307692307397,否
IN0565,B6T0000001673,E1,7,13,6,39,深位,258420.0,258543.23692307694,258557.16923076924,137.16923076924286,否
IN0565,B6T0000001673,E1,7,13,5,41,浅位,258420.0,258565.10153846155,258579.04615384617,159.04615384616773,否
IN0565,B6T0000001673,E1,7,13,5,41,深位,258420.0,258586.9907692308,258600.9353846154,180.93538461541175,否
IN0585,B6T0000001740,E1,7,13,3,46,深位,258420.0,258608.88000000003,258623.00923076927,203.00923076926847,否
IN0585,B6T0000001740,E1,7,13,4,47,深位,258420.0,258631.1384615385,258645.73538461543,225.7353846154292,否
IN0585,B6T0000001740,E1,7,13,7,42,深位,258420.0,258654.33230769236,258669.05230769236,249.0523076923564,否
IN0585,B6T0000001740,E1,7,13,4,48,深位,258420.0,258677.77230769236,258692.5292307693,272.5292307692871,否
IN0585,B6T0000001740,E1,7,14,2,52,深位,258420.0,258701.28615384622,258716.06769230776,296.06769230775535,否
IN0585,B6T0000001740,E1,7,13,8,41,深位,258420.0,258724.8492307693,258739.71692307698,319.7169230769796,否
IN0585,B6T0000001740,E1,7,14,1,56,深位,258420.0,258748.58461538467,258763.6984615385,343.69846153850085,否
IN0585,B6T0000001740,E1,7,14,4,52,浅位,258420.0,258772.81230769237,258788.20923076928,368.2092307692801,否
IN0585,B6T0000001740,E1,7,14,4,52,深位,258420.0,258797.60615384622,258813.00307692314,393.003076923138,否
IN0585,B6T0000001740,E1,7,13,2,56,深位,258420.0,258822.40000000008,258837.82153846163,417.8215384616342,否
IN0027,B6T0000000085,E4,7,13,44,20,浅位,258480.0,258847.24307692316,258880.9815384616,400.9815384616086,否
IN0027,B6T0000000085,E4,7,13,44,20,深位,258480.0,258908.7200000001,258942.45846153854,462.45846153853927,否
IN0026,B6T0000000081,E4,7,14,44,20,浅位,258660.0,258970.19692307702,259003.93538461547,343.93538461546996,否
IN0026,B6T0000000081,E4,7,14,44,20,深位,258660.0,259031.67384615395,259065.4123076924,405.41230769240065,否
IN0026,B6T0000000081,E4,7,13,44,25,浅位,258660.0,259093.15076923088,259127.68923076935,467.6892307693488,否
IN0026,B6T0000000081,E4,7,13,44,25,深位,258660.0,259156.22769230782,259190.76615384629,530.7661538462853,否
IN0026,B6T0000000081,E4,7,14,43,50,深位,258660.0,259219.30461538475,259257.07384615397,597.0738461539731,否
IN0042,B6T0000000120,E4,7,13,43,51,浅位,259020.0,259288.84307692322,259326.77230769244,306.7723076924449,否
IN0042,B6T0000000120,E4,7,13,43,51,深位,259020.0,259358.7015384617,259396.63076923092,376.6307692309201,否
IN0042,B6T0000000120,E4,7,14,43,51,浅位,259020.0,259428.56000000017,259466.4892307694,446.48923076939536,否
IN0042,B6T0000000120,E4,7,14,43,51,深位,259020.0,259498.41846153865,259536.34769230787,516.3476923078706,否
IN0042,B6T0000000120,E4,7,13,44,47,浅位,259020.0,259568.27692307712,259606.33538461558,586.3353846155806,否
IN0042,B6T0000000120,E4,7,13,44,47,深位,259020.0,259638.39384615404,259676.4523076925,656.4523076924961,否
IN0042,B6T0000000120,E4,7,14,44,47,浅位,259020.0,259708.51076923095,259746.5692307694,726.5692307694117,是
IN0042,B6T0000000120,E4,7,14,44,47,深位,259020.0,259784.62769230787,259822.68615384633,802.6861538463272,是
IN0231,B6T0000000676,E3,7,13,10,10,浅位,265860.0,265860.0,265870.9846153846,10.984615384601057,否
IN0231,B6T0000000676,E3,7,13,10,10,深位,265860.0,265875.9692307692,265886.9538461538,26.95384615380317,否
IN0372,B6T0000001134,E3,7,14,10,10,浅位,266520.0,266520.0,266530.9846153846,10.984615384601057,否
IN0372,B6T0000001134,E3,7,14,10,10,深位,266520.0,266535.9692307692,266546.9538461538,26.95384615380317,否
IN0372,B6T0000001134,E3,7,13,14,2,浅位,266520.0,266551.9384615384,266564.10461538454,44.10461538453819,否
IN0372,B6T0000001134,E3,7,13,14,2,深位,266520.0,266570.27076923073,266582.43692307686,62.43692307686433,否
IN0372,B6T0000001134,E3,7,14,14,2,浅位,266520.0,266588.60307692306,266600.7692307692,80.76923076919047,否
IN0372,B6T0000001134,E3,7,14,14,2,深位,266520.0,266606.9353846154,266619.1015384615,99.10153846151661,否
IN0372,B6T0000001134,E3,7,14,13,60,浅位,266520.0,266625.2676923077,266646.0984615385,126.09846153849503,否
IN0372,B6T0000001134,E3,7,14,13,60,深位,266520.0,266660.9292307692,266681.76,161.7600000000093,否
IN0497,B6T0000001494,E1,7,14,2,8,浅位,281940.0,281940.0,281947.74153846153,7.741538461530581,否
IN0497,B6T0000001494,E1,7,14,2,8,深位,281940.0,281949.48307692306,281957.2246153846,17.224615384591743,否
IN0497,B6T0000001494,E1,7,13,8,1,浅位,281940.0,281958.9661538461,281967.43384615384,27.43384615384275,否
IN0497,B6T0000001494,E1,7,13,8,1,深位,281940.0,281969.9015384615,281978.3692307692,38.369230769225396,否
IN0497,B6T0000001494,E1,7,14,8,1,浅位,281940.0,281980.8369230769,281989.3046153846,49.30461538460804,否
IN0280,B6T0000000841,E3,7,14,10,10,浅位,301620.0,301620.0,301630.9846153846,10.984615384601057,否
IN0280,B6T0000000841,E3,7,14,10,10,深位,301620.0,301635.9692307692,301646.9538461538,26.95384615380317,否
IN0280,B6T0000000841,E3,7,13,14,2,浅位,301620.0,301651.9384615384,301664.10461538454,44.10461538453819,否
IN0280,B6T0000000841,E3,7,13,14,2,深位,301620.0,301670.27076923073,301682.43692307686,62.43692307686433,否
IN0280,B6T0000000841,E3,7,14,14,2,浅位,301620.0,301688.60307692306,301700.7692307692,80.76923076919047,否
IN0280,B6T0000000841,E3,7,13,12,64,浅位,301620.0,301706.9353846154,301727.79076923075,107.79076923074899,否
IN0510,B6T0000001531,E1,7,13,2,4,深位,310920.0,310920.0,310927.1015384615,7.101538461516611,否
IN0510,B6T0000001531,E1,7,13,2,4,浅位,310920.0,310928.2030769231,310935.3046153846,15.304615384608041,否
IN0510,B6T0000001531,E1,7,14,1,7,深位,310920.0,310936.4061538462,310943.68000000005,23.680000000051223,否
IN0510,B6T0000001531,E1,7,13,4,2,深位,310920.0,310944.95384615386,310952.3507692308,32.35076923080487,否
IN0510,B6T0000001531,E1,7,13,1,13,深位,310920.0,310953.7476923077,310961.9815384615,41.98153846152127,否
IN0510,B6T0000001531,E1,7,13,3,10,深位,310920.0,310964.2153846154,310972.58461538464,52.58461538463598,否
IN0435,B6T0000001321,E1,7,13,2,7,浅位,314220.0,314220.0,314227.58153846156,7.5815384615561925,否
IN0435,B6T0000001321,E1,7,13,2,7,深位,314220.0,314229.16307692305,314236.7446153846,16.74461538461037,否
IN0435,B6T0000001321,E1,7,14,2,7,浅位,314220.0,314238.3261538461,314245.90769230766,25.907692307664547,否
IN0591,B6T0000001762,E1,7,14,2,7,深位,314220.0,314247.48923076916,314255.0707692307,35.070769230718724,否
IN0591,B6T0000001762,E1,7,13,4,4,浅位,314220.0,314256.6523076922,314264.36923076917,44.36923076916719,否
IN0491,B6T0000001477,E1,7,13,4,4,深位,314640.0,314640.0,314647.71692307695,7.716923076950479,否
IN0491,B6T0000001477,E1,7,14,4,4,浅位,314640.0,314649.43384615384,314657.1507692308,17.15076923079323,否
IN0491,B6T0000001477,E1,7,13,1,15,浅位,314640.0,314658.8676923077,314667.4215384615,27.421538461523596,否
IN0491,B6T0000001477,E1,7,13,1,15,深位,314640.0,314669.97538461536,314678.5292307692,38.529230769199785,否
IN0491,B6T0000001477,E1,7,14,1,15,浅位,314640.0,314681.08307692304,314689.6369230769,49.63692307687597,否
IN0491,B6T0000001477,E1,7,14,1,15,深位,314640.0,314692.1907692307,314700.74461538455,60.74461538455216,否
IN0491,B6T0000001477,E1,7,13,5,8,浅位,314640.0,314703.2984615384,314711.963076923,71.96307692298433,否
IN0369,B6T0000001130,E3,7,13,9,9,浅位,316740.0,316740.0,316750.20923076925,10.209230769251008,否
IN0369,B6T0000001130,E3,7,13,9,9,深位,316740.0,316754.41846153844,316764.6276923077,24.627692307694815,否
IN0369,B6T0000001130,E3,7,14,9,9,浅位,316740.0,316768.8369230769,316779.04615384614,39.04615384613862,否
IN0369,B6T0000001130,E3,7,14,9,9,深位,316740.0,316783.25538461533,316793.4646153846,53.46461538458243,否
IN0369,B6T0000001130,E3,7,13,12,7,浅位,316740.0,316797.6738461538,316809.40923076915,69.40923076914623,否
IN0369,B6T0000001130,E3,7,13,12,7,深位,316740.0,316815.1446153845,316826.8799999999,86.87999999988824,否
IN0369,B6T0000001130,E3,7,14,12,7,浅位,316740.0,316832.61538461526,316844.35076923063,104.35076923063025,否
IN0369,B6T0000001130,E3,7,14,12,7,深位,316740.0,316850.086153846,316861.8215384614,121.82153846137226,否
IN0233,B6T0000000680,E3,7,13,13,5,浅位,343140.0,343140.0,343152.0307692308,12.030769230797887,否
IN0233,B6T0000000680,E3,7,13,13,5,深位,343140.0,343158.06153846154,343170.09230769234,30.092307692335453,否
IN0233,B6T0000000680,E3,7,14,13,5,浅位,343140.0,343176.1230769231,343188.1538461539,48.15384615387302,否
IN0233,B6T0000000680,E3,7,14,13,5,深位,343140.0,343194.1846153846,343206.2153846154,66.21538461541058,否
IN0233,B6T0000000680,E3,7,13,13,16,浅位,343140.0,343212.24615384615,343226.0369230769,86.03692307689926,否
IN0233,B6T0000000680,E3,7,13,13,16,深位,343140.0,343233.8276923077,343247.61846153846,107.61846153845545,否
IN0233,B6T0000000680,E3,7,14,13,16,浅位,343140.0,343255.40923076926,343269.2,129.20000000001164,否
IN0233,B6T0000000680,E3,7,13,12,64,深位,343140.0,343276.9907692308,343297.8461538462,157.8461538461852,否
IN0233,B6T0000000680,E3,7,14,12,64,浅位,343140.0,343312.7015384616,343333.556923077,193.5569230769761,否
IN0233,B6T0000000680,E3,7,14,12,64,深位,343140.0,343348.4123076924,343369.26769230777,229.267692307767,否
IN0085,B6T0000000229,E4,7,13,43,10,浅位,343260.0,343384.1230769232,343415.4923076924,155.49230769241694,否
IN0085,B6T0000000229,E4,7,13,43,10,深位,343260.0,343440.86153846164,343472.23076923087,212.23076923086774,否
IN0085,B6T0000000229,E4,7,14,43,10,浅位,343260.0,343497.6000000001,343528.9692307693,268.96923076931853,否
IN0085,B6T0000000229,E4,7,14,43,10,深位,343260.0,343554.33846153854,343585.70769230777,325.7076923077693,否
IN0085,B6T0000000229,E4,7,13,43,52,浅位,343260.0,343611.076923077,343649.16615384625,389.1661538462504,否
IN0663,B6T0000001989,E1,7,13,5,8,深位,343620.0,343681.25538461545,343689.92000000004,69.92000000004191,否
IN0663,B6T0000001989,E1,7,14,5,8,浅位,343620.0,343692.5846153847,343701.2492307693,81.24923076928826,否
IN0663,B6T0000001989,E1,7,14,6,23,浅位,343620.0,343703.91384615394,343715.28615384625,95.28615384624572,否
IN0663,B6T0000001989,E1,7,14,6,23,深位,343620.0,343720.65846153855,343732.03076923086,112.0307692308561,否
IN0663,B6T0000001989,E1,7,14,2,56,浅位,343620.0,343737.40307692316,343752.8246153847,132.82461538468488,否
IN0663,B6T0000001989,E1,7,14,2,56,深位,343620.0,343762.24615384627,343777.6676923078,157.66769230779028,否
IN0085,B6T0000000229,E4,7,13,43,52,深位,343260.0,343787.0892307694,343825.1784615386,565.1784615386277,否
IN0368,B6T0000001129,E3,7,14,10,10,浅位,352500.0,352500.0,352510.9846153846,10.984615384601057,否
IN0368,B6T0000001129,E3,7,14,10,10,深位,352500.0,352515.9692307692,352526.9538461538,26.95384615380317,否
IN0285,B6T0000000859,E3,7,13,14,2,浅位,353760.0,353760.0,353772.16615384613,12.166153846133966,否
IN0285,B6T0000000859,E3,7,13,14,2,深位,353760.0,353778.3323076923,353790.49846153846,30.498461538460106,否
IN0381,B6T0000001161,E3,7,13,12,10,浅位,355740.0,355740.0,355752.2153846154,12.215384615410585,否
IN0381,B6T0000001161,E3,7,13,15,1,浅位,355740.0,355758.43076923076,355771.0523076923,31.0523076922982,否
IN0407,B6T0000001238,E3,7,13,15,1,深位,355740.0,355777.67384615383,355790.29538461537,50.295384615368675,否
IN0407,B6T0000001238,E3,7,14,15,1,浅位,355740.0,355796.9169230769,355809.53846153844,69.53846153843915,否
IN0407,B6T0000001238,E3,7,13,11,68,浅位,355740.0,355816.16,355837.04,97.03999999997905,否
IN0407,B6T0000001238,E3,7,13,11,68,深位,355740.0,355851.92,355872.8,132.79999999998836,否
IN0407,B6T0000001238,E3,7,14,11,68,浅位,355740.0,355887.68,355908.56,168.55999999999767,否
IN0407,B6T0000001238,E3,7,14,11,68,深位,355740.0,355923.44,355944.32,204.32000000000698,否
IN0407,B6T0000001238,E3,7,13,17,45,深位,355740.0,355959.2,355980.09230769234,240.09230769233545,否
IN0407,B6T0000001238,E3,7,13,13,61,浅位,355740.0,355994.9846153846,356015.97538461536,275.9753846153617,否
IN0407,B6T0000001238,E3,7,13,13,61,深位,355740.0,356030.9661538461,356051.9569230769,311.95692307688296,否
IN0407,B6T0000001238,E3,7,14,13,61,浅位,355740.0,356066.94769230764,356087.9384615384,347.9384615384042,否
IN0407,B6T0000001238,E3,7,14,13,61,深位,355740.0,356102.92923076916,356123.9199999999,383.9199999999255,否
IN0407,B6T0000001238,E3,7,13,12,65,浅位,355740.0,356138.9107692307,356159.9261538461,419.92615384608507,否
IN0407,B6T0000001238,E3,7,13,12,65,深位,355740.0,356174.9415384615,356195.9569230769,455.95692307688296,否
IN0407,B6T0000001238,E3,7,14,12,65,浅位,355740.0,356210.9723076923,356231.9876923077,491.98769230768085,否
IN0407,B6T0000001238,E3,7,14,12,65,深位,355740.0,356247.0030769231,356268.0184615385,528.0184615384787,否
IN0407,B6T0000001238,E3,7,13,28,4,深位,355740.0,356283.0338461539,356304.1353846154,564.1353846153943,否
IN0407,B6T0000001238,E3,7,14,28,4,浅位,355740.0,356319.23692307697,356340.3384615385,600.3384615384857,否
IN0407,B6T0000001238,E3,7,14,28,4,深位,355740.0,356355.44000000006,356376.5415384616,636.5415384615771,否
IN0407,B6T0000001238,E3,7,13,14,58,浅位,355740.0,356391.64307692315,356412.7692307693,672.7692307693069,否
IN0407,B6T0000001238,E3,7,13,14,58,深位,355740.0,356427.89538461546,356449.0215384616,709.0215384616167,否
IN0407,B6T0000001238,E3,7,14,14,58,浅位,355740.0,356464.1476923078,356485.2738461539,745.2738461539266,否
IN0407,B6T0000001238,E3,7,14,14,58,深位,355740.0,356500.4000000001,356521.52615384624,781.5261538462364,否
IN0407,B6T0000001238,E3,7,13,13,62,浅位,355740.0,356536.6523076924,356557.8030769232,817.8030769231846,否
IN0407,B6T0000001238,E3,7,13,13,62,深位,355740.0,356572.9538461539,356594.1046153847,854.1046153847128,否
IN0407,B6T0000001238,E3,7,14,13,62,浅位,355740.0,356609.25538461545,356630.40615384624,890.4061538462411,否
IN0407,B6T0000001238,E3,7,14,13,62,深位,355740.0,356645.556923077,356666.70769230777,926.7076923077693,否
IN0407,B6T0000001238,E3,7,13,12,66,浅位,355740.0,356681.8584615385,356703.0338461539,963.0338461538777,否
IN0407,B6T0000001238,E3,7,13,12,66,深位,355740.0,356718.20923076925,356739.3846153846,999.3846153846243,否
IN0407,B6T0000001238,E3,7,14,12,66,浅位,355740.0,356754.56,356775.7353846154,1035.735384615371,否
IN0407,B6T0000001238,E3,7,14,12,66,深位,355740.0,356790.91076923074,356812.0861538461,1072.0861538461177,否
IN0407,B6T0000001238,E3,7,13,14,59,浅位,355740.0,356827.2615384615,356848.5476923076,1108.5476923076203,否
IN0407,B6T0000001238,E3,7,13,14,59,深位,355740.0,356863.8338461538,356885.11999999994,1145.1199999999371,否
IN0407,B6T0000001238,E3,7,14,14,59,浅位,355740.0,356900.4061538461,356921.69230769225,1181.692307692254,否
IN0407,B6T0000001238,E3,7,14,14,59,深位,355740.0,356936.97846153844,356958.26461538457,1218.2646153845708,否
IN0407,B6T0000001238,E3,7,13,13,63,浅位,355740.0,356973.55076923076,356994.8615384615,1254.861538461526,否
IN0407,B6T0000001238,E3,7,13,13,63,深位,355740.0,357010.1723076923,357031.48307692306,1291.4830769230612,否
IN0407,B6T0000001238,E3,7,14,13,63,浅位,355740.0,357046.7938461538,357068.1046153846,1328.1046153845964,否
IN0407,B6T0000001238,E3,7,14,13,63,深位,355740.0,357083.41538461536,357104.72615384613,1364.7261538461316,否
IN0407,B6T0000001238,E3,7,13,12,67,浅位,355740.0,357120.0369230769,357141.3723076923,1401.3723076923052,否
IN0407,B6T0000001238,E3,7,13,12,67,深位,355740.0,357156.70769230765,357178.04307692306,1438.0430769230588,否
IN0407,B6T0000001238,E3,7,14,12,67,浅位,355740.0,357193.3784615384,357214.7138461538,1474.7138461538125,否
IN0407,B6T0000001238,E3,7,14,12,67,深位,355740.0,357230.04923076916,357251.38461538457,1511.3846153845661,否
IN0407,B6T0000001238,E3,7,13,14,60,浅位,355740.0,357266.7199999999,357288.1661538461,1548.1661538460758,否
IN0407,B6T0000001238,E3,7,13,14,60,深位,355740.0,357303.61230769224,357325.0584615384,1585.0584615383996,否
IN0407,B6T0000001238,E3,7,14,14,60,浅位,355740.0,357340.50461538456,357361.9507692307,1621.9507692307234,否
IN0407,B6T0000001238,E3,7,14,14,60,深位,355740.0,357377.3969230769,357398.84307692305,1658.8430769230472,否
IN0407,B6T0000001238,E3,7,13,13,64,浅位,355740.0,357414.2892307692,357435.75999999995,1695.759999999951,否
IN0407,B6T0000001238,E3,7,13,13,64,深位,355740.0,357451.23076923075,357472.7015384615,1732.7015384614933,否
IN0407,B6T0000001238,E3,7,14,13,64,浅位,355740.0,357488.1723076923,357509.64307692304,1769.6430769230356,否
IN0407,B6T0000001238,E3,7,14,13,64,深位,355740.0,357525.11384615384,357546.5846153846,1806.5846153845778,否
IN0407,B6T0000001238,E3,7,13,12,68,浅位,355740.0,357562.0553846154,357583.55076923076,1843.5507692307583,否
IN0407,B6T0000001238,E3,7,13,12,68,深位,355740.0,357599.04615384614,357620.5415384615,1880.541538461519,否
IN0407,B6T0000001238,E3,7,14,12,68,浅位,355740.0,357636.0369230769,357657.5323076923,1917.5323076922796,否
IN0407,B6T0000001238,E3,7,14,12,68,深位,355740.0,357673.02769230766,357694.52307692304,1954.5230769230402,否
IN0651,B6T0000001966,E1,7,13,3,3,浅位,362940.0,362940.0,362947.24923076923,7.249230769230053,否
IN0651,B6T0000001966,E1,7,13,3,3,深位,362940.0,362948.49846153846,362955.7476923077,15.747692307690158,否
IN0655,B6T0000001974,E1,7,14,3,3,浅位,367380.0,367380.0,367387.24923076923,7.249230769230053,否
IN0655,B6T0000001974,E1,7,14,3,3,深位,367380.0,367388.49846153846,367395.7476923077,15.747692307690158,否
IN0018,B6T0000000054,E4,7,13,43,3,浅位,367680.0,367680.0,367710.24923076923,30.249230769230053,否
IN0018,B6T0000000054,E4,7,13,43,3,深位,367680.0,367734.49846153846,367764.7476923077,84.74769230769016,否
IN0018,B6T0000000054,E4,7,13,44,1,浅位,367680.0,367788.9969230769,367819.6953846154,139.69538461539196,否
IN0018,B6T0000000054,E4,7,13,44,1,深位,367680.0,367844.39384615386,367875.09230769234,195.09230769233545,否
IN0030,B6T0000000093,E4,7,14,44,1,浅位,373740.0,373740.0,373770.6984615385,30.698461538471747,否
IN0030,B6T0000000093,E4,7,14,43,52,浅位,373740.0,373795.39692307694,373833.4861538462,93.48615384619916,否
IN0030,B6T0000000093,E4,7,14,43,52,深位,373740.0,373865.5753846154,373903.66461538465,163.66461538465228,否
IN0030,B6T0000000093,E4,7,13,44,48,浅位,373740.0,373935.75384615385,373973.97230769234,233.9723076923401,否
IN0140,B6T0000000418,E3,7,14,11,12,深位,373980.0,374006.1907692308,374018.11076923076,38.11076923075598,否
IN0140,B6T0000000418,E3,7,14,19,4,浅位,373980.0,374024.0307692308,374039.5938461539,59.59384615387535,否
IN0140,B6T0000000418,E3,7,14,19,4,深位,373980.0,374049.15692307695,374064.72000000003,84.72000000003027,否
IN0140,B6T0000000418,E3,7,13,25,18,浅位,373980.0,374074.2830769231,374095.7784615385,115.77846153848805,否
IN0140,B6T0000000418,E3,7,13,25,18,深位,373980.0,374111.27384615387,374132.76923076925,152.76923076924868,否
IN0140,B6T0000000418,E3,7,14,25,18,浅位,373980.0,374148.2646153846,374169.76,189.7600000000093,是
IN0140,B6T0000000418,E3,7,13,15,14,浅位,373980.0,374191.2553846154,374205.95692307694,225.95692307694117,是
IN0657,B6T0000001976,E1,7,13,3,9,浅位,385320.0,385320.0,385328.20923076925,8.209230769251008,否
IN0657,B6T0000001976,E1,7,13,3,9,深位,385320.0,385330.41846153844,385338.6276923077,18.627692307694815,否
IN0083,B6T0000000224,E4,7,13,43,1,浅位,387300.0,387300.0,387329.9292307692,29.929230769223068,否
IN0083,B6T0000000224,E4,7,13,43,1,深位,387300.0,387353.85846153845,387383.78769230767,83.7876923076692,否
IN0104,B6T0000000301,E4,7,14,43,1,浅位,388380.0,388380.0,388409.9292307692,29.929230769223068,否
IN0104,B6T0000000301,E4,7,14,43,1,深位,388380.0,388433.85846153845,388463.78769230767,83.7876923076692,否
IN0104,B6T0000000301,E4,7,14,44,9,浅位,388380.0,388487.7169230769,388519.69538461533,139.69538461533375,否
IN0104,B6T0000000301,E4,7,14,44,9,深位,388380.0,388545.67384615383,388577.6523076923,197.65230769227492,否
IN0516,B6T0000001546,E1,7,14,3,9,浅位,388980.0,388980.0,388988.20923076925,8.209230769251008,否
IN0516,B6T0000001546,E1,7,14,3,9,深位,388980.0,388990.41846153844,388998.6276923077,18.627692307694815,否
IN0516,B6T0000001546,E1,7,13,3,11,浅位,388980.0,389000.8369230769,389009.36615384615,29.366153846145608,否
IN0516,B6T0000001546,E1,7,13,3,11,深位,388980.0,389011.89538461535,389020.4246153846,40.424615384603385,否
IN0516,B6T0000001546,E1,7,14,3,11,浅位,388980.0,389022.9538461538,389031.48307692306,51.48307692306116,否
IN0516,B6T0000001546,E1,7,14,3,11,深位,388980.0,389034.01230769226,389042.5415384615,62.54153846151894,否
IN0516,B6T0000001546,E1,7,13,8,2,浅位,388980.0,389045.0707692307,389053.6984615384,73.69846153841354,否
IN0516,B6T0000001546,E1,7,13,8,2,深位,388980.0,389056.3261538461,389064.9538461538,84.95384615380317,否
IN0465,B6T0000001399,E1,7,14,8,2,浅位,392820.0,392820.0,392828.6276923077,8.627692307694815,否
IN0465,B6T0000001399,E1,7,13,15,14,深位,392820.0,392831.2553846154,392845.95692307694,25.956923076941166,否
IN0465,B6T0000001399,E1,7,14,15,14,浅位,392820.0,392854.6584615385,392869.36000000004,49.36000000004424,否
IN0465,B6T0000001399,E1,7,14,15,14,深位,392820.0,392878.0615384616,392892.76307692315,72.76307692314731,否
IN0465,B6T0000001399,E1,7,13,4,53,深位,392820.0,392901.4646153847,392917.0215384616,97.02153846161673,否
IN0465,B6T0000001399,E1,7,13,1,59,浅位,392820.0,392926.57846153853,392942.17230769235,122.17230769235175,否
IN0465,B6T0000001399,E1,7,13,1,59,深位,392820.0,392951.7661538462,392967.36000000004,147.36000000004424,否
IN0094,B6T0000000262,E4,7,14,43,1,浅位,398580.0,398580.0,398609.9292307692,29.929230769223068,否
IN0094,B6T0000000262,E4,7,14,43,1,深位,398580.0,398633.85846153845,398663.78769230767,83.7876923076692,否
IN0094,B6T0000000262,E4,7,14,44,9,浅位,398580.0,398687.7169230769,398719.69538461533,139.69538461533375,否
IN0312,B6T0000000939,E3,7,13,12,6,深位,399300.0,399300.0,399311.5753846154,11.575384615396615,否
IN0312,B6T0000000939,E3,7,14,12,6,浅位,399300.0,399317.1507692308,399328.7261538462,28.726153846189845,否
IN0312,B6T0000000939,E3,7,14,12,6,深位,399300.0,399334.3015384616,399345.876923077,45.876923076983076,否
IN0312,B6T0000000939,E3,7,13,16,8,浅位,399300.0,399351.4523076924,399365.8092307693,65.80923076928593,否
IN0312,B6T0000000939,E3,7,13,16,8,深位,399300.0,399374.16615384625,399388.52307692316,88.52307692315662,否
IN0312,B6T0000000939,E3,7,14,25,18,深位,399300.0,399396.8800000001,399418.3753846155,118.37538461550139,否
IN0509,B6T0000001530,E1,7,13,5,8,深位,405480.0,405480.0,405488.6646153846,8.664615384594072,否
IN0509,B6T0000001530,E1,7,14,5,8,浅位,405480.0,405491.32923076925,405499.99384615384,19.993846153840423,否
IN0509,B6T0000001530,E1,7,13,3,22,浅位,405480.0,405502.6584615385,405512.9476923077,32.9476923077018,否
IN0590,B6T0000001751,E1,7,13,3,22,深位,429000.0,429000.0,429010.2892307692,10.289230769209098,否
IN0590,B6T0000001751,E1,7,14,1,59,浅位,429000.0,429014.5784615385,429030.1723076923,30.172307692293543,否
IN0486,B6T0000001470,E1,7,14,1,59,深位,429720.0,429720.0,429735.5938461538,15.59384615381714,否
IN0486,B6T0000001470,E1,7,14,5,52,深位,429720.0,429745.1876923077,429760.8923076923,40.89230769232381,否
IN0486,B6T0000001470,E1,7,13,1,60,浅位,429720.0,429770.5969230769,429786.35076923075,66.35076923074666,否
IN0486,B6T0000001470,E1,7,13,1,60,深位,429720.0,429796.1046153846,429811.85846153845,91.85846153844614,否
IN0486,B6T0000001470,E1,7,14,1,60,浅位,429720.0,429821.6123076923,429837.36615384615,117.36615384614561,否
IN0277,B6T0000000832,E3,7,13,15,57,浅位,430740.0,430740.0,430761.58153846156,21.581538461556192,否
IN0277,B6T0000000832,E3,7,13,15,57,深位,430740.0,430777.16307692305,430798.7446153846,58.74461538461037,否
IN0198,B6T0000000577,E3,7,14,15,57,浅位,430800.0,430814.3261538461,430835.90769230766,35.90769230766455,否
IN0198,B6T0000000577,E3,7,14,15,57,深位,430800.0,430851.48923076916,430873.0707692307,73.07076923071872,否
IN0458,B6T0000001375,E1,7,14,1,60,深位,430860.0,430888.6523076922,430904.40615384607,44.406153846066445,否
IN0458,B6T0000001375,E1,7,13,2,59,浅位,430860.0,430914.1599999999,430930.0615384615,70.06153846147936,否
IN0458,B6T0000001375,E1,7,13,2,59,深位,430860.0,430939.963076923,430955.86461538455,95.8646153845475,否
IN0458,B6T0000001375,E1,7,14,2,59,浅位,430860.0,430965.76615384605,430981.6676923076,121.66769230761565,否
IN0458,B6T0000001375,E1,7,14,2,59,深位,430860.0,430991.5692307691,431007.4707692307,147.4707692306838,否
IN0458,B6T0000001375,E1,7,13,1,61,浅位,430860.0,431017.3723076922,431033.286153846,173.2861538460129,否
IN0458,B6T0000001375,E1,7,13,1,61,深位,430860.0,431043.1999999999,431059.1138461537,199.11384615371935,否
IN0458,B6T0000001375,E1,7,14,1,61,浅位,430860.0,431069.0276923076,431084.9415384614,224.9415384614258,否
IN0458,B6T0000001375,E1,7,14,1,61,深位,430860.0,431094.8553846153,431110.76923076913,250.76923076913226,否
IN0458,B6T0000001375,E1,7,14,7,50,深位,430860.0,431120.683076923,431136.683076923,276.6830769230146,否
IN0458,B6T0000001375,E1,7,14,5,54,深位,430860.0,431146.683076923,431162.70769230765,302.7076923076529,否
IN0458,B6T0000001375,E1,7,13,3,58,浅位,430860.0,431172.73230769223,431188.78153846145,328.7815384614514,否
IN0458,B6T0000001375,E1,7,13,3,58,深位,430860.0,431198.83076923067,431214.8799999999,354.87999999988824,否
IN0198,B6T0000000577,E3,7,13,14,61,浅位,430800.0,431224.9292307691,431246.53538461524,446.53538461524295,否
IN0198,B6T0000000577,E3,7,13,14,61,深位,430800.0,431262.14153846144,431283.7476923076,483.74769230757374,否
IN0198,B6T0000000577,E3,7,14,14,61,浅位,430800.0,431299.35384615377,431320.9599999999,520.9599999999045,否
IN0198,B6T0000000577,E3,7,14,14,61,深位,430800.0,431336.5661538461,431358.17230769224,558.1723076922353,否
IN0198,B6T0000000577,E3,7,13,13,65,浅位,430800.0,431373.77846153843,431395.4092307692,595.4092307692044,否
IN0198,B6T0000000577,E3,7,13,13,65,深位,430800.0,431411.04,431432.67076923075,632.6707692307536,否
IN0198,B6T0000000577,E3,7,14,13,65,浅位,430800.0,431448.3015384615,431469.9323076923,669.9323076923029,否
IN0198,B6T0000000577,E3,7,14,13,65,深位,430800.0,431485.5630769231,431507.19384615385,707.1938461538521,否
IN0198,B6T0000000577,E3,7,13,15,58,浅位,430800.0,431522.8246153846,431544.56615384616,744.5661538461572,否
IN0198,B6T0000000577,E3,7,13,15,58,深位,430800.0,431560.3076923077,431582.0492307692,782.0492307692184,否
IN0198,B6T0000000577,E3,7,14,15,58,浅位,430800.0,431597.79076923075,431619.5323076923,819.5323076922796,否
IN0198,B6T0000000577,E3,7,14,15,58,深位,430800.0,431635.2738461538,431657.01538461534,857.0153846153407,否
IN0198,B6T0000000577,E3,7,13,14,62,浅位,430800.0,431672.7569230769,431694.52307692304,894.5230769230402,否
IN0198,B6T0000000577,E3,7,13,14,62,深位,430800.0,431710.28923076915,431732.0553846153,932.0553846153198,是
IN0198,B6T0000000577,E3,7,14,14,62,浅位,430800.0,431789.6676923076,431811.4338461538,1011.4338461537845,是
IN0198,B6T0000000577,E3,7,14,14,62,深位,430800.0,431869.0461538461,431890.81230769225,1090.8123076922493,是
IN0198,B6T0000000577,E3,7,13,13,66,浅位,430800.0,431948.42461538455,431970.2153846153,1170.2153846152942,是
IN0198,B6T0000000577,E3,7,13,13,66,深位,430800.0,432029.083076923,432050.8738461537,1250.8738461537287,否
IN0198,B6T0000000577,E3,7,14,13,66,浅位,430800.0,432066.66461538454,432088.4553846153,1288.4553846152849,否
IN0198,B6T0000000577,E3,7,14,13,66,深位,430800.0,432104.2461538461,432126.03692307684,1326.036923076841,是
IN0324,B6T0000000976,E3,7,13,10,1,浅位,442080.0,442080.0,442089.5446153846,9.544615384598728,否
IN0324,B6T0000000976,E3,7,13,10,1,深位,442080.0,442093.08923076926,442102.63384615385,22.633846153854392,否
IN0324,B6T0000000976,E3,7,14,10,1,浅位,442080.0,442106.1784615385,442115.7230769231,35.72307692311006,否
IN0324,B6T0000000976,E3,7,13,11,1,浅位,442080.0,442119.26769230777,442129.42769230774,49.42769230774138,否
IN0255,B6T0000000746,E3,7,13,11,1,深位,442320.0,442320.0,442330.16,10.159999999974389,否
IN0255,B6T0000000746,E3,7,14,11,1,浅位,442320.0,442334.32,442344.48,24.479999999981374,否
IN0255,B6T0000000746,E3,7,13,9,10,浅位,442320.0,442348.64,442359.00923076924,39.009230769239366,否
IN0224,B6T0000000646,E3,7,13,9,10,深位,447660.0,447660.0,447670.3692307692,10.369230769225396,否
IN0224,B6T0000000646,E3,7,14,9,21,深位,447660.0,447674.73846153845,447686.8676923077,26.867692307685502,否
IN0224,B6T0000000646,E3,7,13,12,10,深位,447660.0,447692.9969230769,447705.21230769233,45.212307692330796,否
IN0224,B6T0000000646,E3,7,14,12,10,浅位,447660.0,447711.4276923077,447723.6430769231,63.64307692309376,否
IN0224,B6T0000000646,E3,7,14,12,10,深位,447660.0,447729.85846153845,447742.07384615386,82.07384615385672,否
IN0224,B6T0000000646,E3,7,13,13,15,浅位,447660.0,447748.2892307692,447761.92,101.9199999999837,否
IN0571,B6T0000001695,E1,7,13,3,3,浅位,450960.0,450960.0,450967.24923076923,7.249230769230053,否
IN0571,B6T0000001695,E1,7,13,3,3,深位,450960.0,450968.49846153846,450975.7476923077,15.747692307690158,否
